
$orca_opt_file

$trust
    0.300000000000

$epredict
    0.000000000000

$ediffsc
  1000.000000000000

$ctyp
  3

$coordinates
 2 18
   5.69054742  -2.23157192   1.13098597   8.30608146  -2.14216709   1.64728561
   9.01814350  -0.71624778   0.77949880   5.30339167  -2.49248263  -0.88694296
   4.93526924  -3.85554209   2.14653614   4.68772646  -0.54101158   1.78395249

   5.69110054  -2.23110886   1.13089739   8.30655465  -2.13974397   1.64626845
   9.01782837  -0.71879456   0.78092813   5.30253827  -2.49273534  -0.88684427
   4.93586356  -3.85550121   2.14615024   4.68727436  -0.54113916   1.78391611


$constraints
 1
   1.96747690


# redundant internal coordinates
#  nbonds nangles ndihedrals nimpropers ncartesians
# bond  definitions A B
# angle definitions A B C
# dihedral definitions A B C D
# improper torsion definitions A B C D
# cartesian definitions A x/y/z
$redundant_internals
 5 7 3 0 0
   1   0   0
   2   1   0
   3   0   0
   4   0   0
   5   0   0
   1   0   4   0   0
   1   0   3   0   0
   1   0   5   0  -1
   3   0   5   0   0
   4   0   5   0   0
   3   0   4   0   0
   0   1   2   0   0
   2   1   0   5   0
   2   1   0   3   0
   2   1   0   4   0
$energies
 2
 -115.7380339155544675
 -115.7380423154139066

$gradients
 2 18
   0.0002793643964225   0.0011522415622319   0.0003808404962233  -0.0006526494117010
  -0.0032057058994148   0.0012483543363343   0.0008211293366731   0.0022778725312498
  -0.0014317893691886   0.0001479300365114   0.0000813149903113   0.0000232957183401
   0.0001988041712006   0.0000498933679140   0.0001027364101895  -0.0007945785254301
  -0.0003556165526160  -0.0003234375921121
   0.0003902793876127   0.0011417394027837   0.0004555401644752   0.0004807850893790
  -0.0008043001158146  -0.0001917761205407  -0.0002187164191015  -0.0000184135854167
  -0.0000131717201651   0.0000701958212337   0.0000422220183362  -0.0000024876296537
   0.0000880028019032   0.0000002492492539   0.0000751995560493  -0.0008105466848335
  -0.0003614969695154  -0.0003233042500489

$redundant_coords
 2 15
   2.6675038590100679   1.8147540232554173   2.0712317971756806   2.0588993110536737
   2.0712337927619209   1.8657087350301598   1.9563491395173407   1.9674768987382665
   1.8959540121177814   1.8867065285105271   1.8887542071778063   1.8949546606094070
  -1.0649298884639951   1.0808301627012742  -3.1355616591270197
   2.6673123380516626   1.8093704525534020   2.0714030196995012   2.0590706017538292
   2.0712551767755540   1.8664950285561599   1.9567850904890145   1.9674768879009610
   1.8957351292279880   1.8864730944461632   1.8879322892570789   1.8964792989764079
  -1.0654065619329640   1.0803965874339401  -3.1362577561656981

$redundant_gradients
 2 15
   0.0000990084961402   0.0027959542267482  -0.0000603051012997  -0.0000617928711700
  -0.0000075314742295  -0.0002540223379951  -0.0001405877780669   0.0000000000000000
   0.0000786466530854   0.0000971861820543   0.0002345849710006  -0.0005469296171994
  -0.0000022771018114  -0.0000055163138670   0.0000418366780433
   0.0001894939911105  -0.0000946554907616  -0.0000158174839175   0.0000044663255661
  -0.0000041134752364  -0.0001314202548237  -0.0000679962306380   0.0000000000000000
   0.0000389029033711   0.0000453329994117   0.0001232640061931  -0.0003570949518609
   0.0000006702415991   0.0000002356226777   0.0000296199022976

$hessian_approx
 18 18
                  0          1          2          3          4          5    
      0     181.297627 251.463853 156.643290  20.208886 -163.150704 -76.753690
      1     251.463853 351.611722 218.432658  28.943686 -227.630705 -106.985850
      2     156.643290 218.432658 136.865046  17.878426 -141.674286 -66.781181
      3      20.208886  28.943686  17.878426   3.086215 -18.588329  -8.795961
      4     -163.150704 -227.630705 -141.674286 -18.588329 147.974100  69.186449
      5     -76.753690 -106.985850 -66.781181  -8.795961  69.186449  32.915464
      6       0.010407  -0.060448   0.045669  -0.200170  -0.108692   0.041989
      7       0.048993   0.000490   0.018329  -0.195784  -0.340542   0.190221
      8      -0.033370  -0.010442   0.002338   0.103240   0.205244  -0.156220
      9      -0.157800  -0.004404  -0.046278   0.012908   0.005766  -0.065279
     10      -0.007160  -0.154131  -0.039920  -0.001859   0.020172   0.006731
     11      -0.034953  -0.025180  -0.337375  -0.002688  -0.001035   0.009874
     12      -0.173076  -0.069817   0.043612  -0.003987  -0.031435   0.024552
     13      -0.065343  -0.281537   0.084396   0.000105   0.012608  -0.008978
     14       0.032484   0.075537  -0.194713   0.001031  -0.002489   0.003819
     15     -201.186045 -280.272870 -174.564722 -23.103851 181.873395  85.548389
     16     -88.289639 -123.545839 -76.821178 -10.157819  79.964368  37.611426
     17     -79.853761 -111.486725 -69.554115  -9.184049  72.286118  34.008245
                  6          7          8          9         10         11    
      0       0.010407   0.048993  -0.033370  -0.157800  -0.007160  -0.034953
      1      -0.060448   0.000490  -0.010442  -0.004404  -0.154131  -0.025180
      2       0.045669   0.018329   0.002338  -0.046278  -0.039920  -0.337375
      3      -0.200170  -0.195784   0.103240   0.012908  -0.001859  -0.002688
      4      -0.108692  -0.340542   0.205244   0.005766   0.020172  -0.001035
      5       0.041989   0.190221  -0.156220  -0.065279   0.006731   0.009874
      6       0.195436   0.169950  -0.084716  -0.002503  -0.000204   0.000379
      7       0.169950   0.345653  -0.198551  -0.009693  -0.008765   0.000979
      8      -0.084716  -0.198551   0.147426   0.006277  -0.001813   0.000365
      9      -0.002503  -0.009693   0.006277   0.123268   0.001300   0.043409
     10      -0.000204  -0.008765  -0.001813   0.001300   0.107506   0.031208
     11       0.000379   0.000979   0.000365   0.043409   0.031208   0.339811
     12      -0.002516  -0.012169   0.006535   0.008394   0.018162  -0.004384
     13      -0.000040   0.001947   0.003054   0.011701   0.023122  -0.005289
     14      -0.004348  -0.007748   0.010678   0.025451   0.050743  -0.011759
     15      -0.000655  -0.001296   0.002034   0.015732  -0.010239  -0.001762
     16      -0.000566   0.001217   0.002508  -0.004669   0.012094  -0.000685
     17       0.001028  -0.003231  -0.004587   0.036421  -0.046950  -0.000916
                 12         13         14         15         16         17    
      0      -0.173076  -0.065343   0.032484 -201.186045 -88.289639 -79.853761
      1      -0.069817  -0.281537   0.075537 -280.272870 -123.545839 -111.486725
      2       0.043612   0.084396  -0.194713 -174.564722 -76.821178 -69.554115
      3      -0.003987   0.000105   0.001031 -23.103851 -10.157819  -9.184049
      4      -0.031435   0.012608  -0.002489 181.873395  79.964368  72.286118
      5       0.024552  -0.008978   0.003819  85.548389  37.611426  34.008245
      6      -0.002516  -0.000040  -0.004348  -0.000655  -0.000566   0.001028
      7      -0.012169   0.001947  -0.007748  -0.001296   0.001217  -0.003231
      8       0.006535   0.003054   0.010678   0.002034   0.002508  -0.004587
      9       0.008394   0.011701   0.025451   0.015732  -0.004669   0.036421
     10       0.018162   0.023122   0.050743  -0.010239   0.012094  -0.046950
     11      -0.004384  -0.005289  -0.011759  -0.001762  -0.000685  -0.000916
     12       0.148043   0.071191  -0.043758   0.023142   0.024069  -0.026558
     13       0.071191   0.264820  -0.100446  -0.017613  -0.020960   0.027262
     14      -0.043758  -0.100446   0.168135  -0.010859  -0.015598   0.023841
     15       0.023142  -0.017613  -0.010859 224.251678  98.428624  89.026920
     16       0.024069  -0.020960  -0.015598  98.428624  43.589119  39.223526
     17      -0.026558   0.027262   0.023841  89.026920  39.223526  35.527533

$bmatrix
 15 18
                  0          1          2          3          4          5    
      0      -0.980558  -0.034254  -0.193217   0.980558   0.034254   0.193217
      1       0.000000   0.000000   0.000000  -0.393106  -0.785328   0.478255
      2       0.187584   0.126304   0.974094   0.000000   0.000000   0.000000
      3       0.366785   0.788896  -0.493064   0.000000   0.000000   0.000000
      4       0.484646  -0.815916  -0.315277   0.000000   0.000000   0.000000
      5       0.411794  -0.404594   0.386349   0.031762   0.305271  -0.215308
      6       0.547651  -0.052823  -0.455176  -0.073479   0.045894   0.364762
      7       0.372250   0.519965   0.323395   0.043004  -0.337027  -0.158495
      8      -0.451789   0.463463  -0.442794   0.000000   0.000000   0.000000
      9      -0.568492   0.019700   0.539421   0.000000   0.000000   0.000000
     10      -0.370435  -0.611162  -0.323129   0.000000   0.000000   0.000000
     11      -0.031408  -0.306426   0.213714  -0.467223   0.433021  -0.415689
     12      -0.130809  -0.224350   0.703617   0.150984  -0.339745  -0.705998
     13      -0.028982   0.740813   0.015748   0.127454  -0.559444  -0.547639
     14       0.087609  -0.287570  -0.393626   0.105766  -0.342143  -0.476095
                  6          7          8          9         10         11    
      0       0.000000   0.000000   0.000000   0.000000   0.000000   0.000000
      1       0.393106   0.785328  -0.478255   0.000000   0.000000   0.000000
      2       0.000000   0.000000   0.000000  -0.187584  -0.126304  -0.974094
      3       0.000000   0.000000   0.000000   0.000000   0.000000   0.000000
      4       0.000000   0.000000   0.000000   0.000000   0.000000   0.000000
      5       0.000000   0.000000   0.000000   0.000000   0.000000   0.000000
      6       0.000000   0.000000   0.000000  -0.474172   0.006929   0.090414
      7       0.000000   0.000000   0.000000   0.000000   0.000000   0.000000
      8       0.000000   0.000000   0.000000   0.277397  -0.395105  -0.002189
      9       0.000000   0.000000   0.000000   0.000000   0.000000   0.000000
     10       0.000000   0.000000   0.000000   0.216087   0.420853  -0.096182
     11       0.498631  -0.126595   0.201976   0.000000   0.000000   0.000000
     12      -0.103514   0.335507   0.465843   0.000000   0.000000   0.000000
     13      -0.103514   0.335507   0.465843   0.005041  -0.516877   0.066049
     14      -0.103514   0.335507   0.465843   0.000000   0.000000   0.000000
                 12         13         14         15         16         17    
      0       0.000000   0.000000   0.000000   0.000000   0.000000   0.000000
      1       0.000000   0.000000   0.000000   0.000000   0.000000   0.000000
      2       0.000000   0.000000   0.000000   0.000000   0.000000   0.000000
      3      -0.366785  -0.788896   0.493064   0.000000   0.000000   0.000000
      4       0.000000   0.000000   0.000000  -0.484646   0.815916   0.315277
      5      -0.443556   0.099323  -0.171041   0.000000   0.000000   0.000000
      6       0.000000   0.000000   0.000000   0.000000   0.000000   0.000000
      7       0.000000   0.000000   0.000000  -0.415255  -0.182939  -0.164900
      8       0.000000   0.000000   0.000000   0.174392  -0.068358   0.444983
      9       0.305784  -0.291722  -0.239282   0.262708   0.272022  -0.300138
     10       0.154348   0.190309   0.419310   0.000000   0.000000   0.000000
     11       0.000000   0.000000   0.000000   0.000000   0.000000   0.000000
     12       0.000000   0.000000   0.000000   0.083339   0.228588  -0.463462
     13       0.000000   0.000000   0.000000   0.000000   0.000000   0.000000
     14      -0.089861   0.294205   0.403878   0.000000   0.000000   0.000000

