
$orca_opt_file

$trust
    0.300000000000

$epredict
    0.000000000000

$ediffsc
  1000.000000000000

$ctyp
  3

$coordinates
 1 18
   5.69128820  -2.23154358   1.13113337   8.30398765  -2.13173391   1.65205339
   9.01740272  -0.71627612   0.77935140   5.30413245  -2.49245428  -0.88679556
   4.93601002  -3.85551374   2.14668542   4.69625101  -0.53758173   1.78718392


$constraints
 1
   2.66599288


# redundant internal coordinates
#  nbonds nangles ndihedrals nimpropers ncartesians
# bond  definitions A B
# angle definitions A B C
# dihedral definitions A B C D
# improper torsion definitions A B C D
# cartesian definitions A x/y/z
$redundant_internals
 5 7 3 0 0
   1   0  -1
   2   1   0
   3   0   0
   4   0   0
   5   0   0
   1   0   4   0   0
   1   0   3   0   0
   1   0   5   0   0
   3   0   5   0   0
   4   0   5   0   0
   3   0   4   0   0
   0   1   2   0   0
   2   1   0   5   0
   2   1   0   3   0
   2   1   0   4   0
$energies
 1
 -115.7380509492235916

$gradients
 1 18
   0.0003231714500811   0.0000735574169496   0.0000199277521084  -0.0004870566344062
  -0.0000903733122536  -0.0000462620213633  -0.0000358180436634   0.0000218551236061
  -0.0000257407912958   0.0000540082511983   0.0000095155959761   0.0000170638175524
   0.0000860292794418  -0.0000106378572462   0.0000223958039543   0.0000596656970715
  -0.0000039169667855   0.0000126154392587

$redundant_coords
 1 15
   2.6659928803526758   1.8094448251768327   2.0712317971756802   2.0589002431599801
   2.0712334634239493   1.8677974482136852   1.9587186537470112   1.9587509711361466
   1.8984456097612201   1.8887472713757665   1.8887549995758350   1.8980443004526026
  -1.0721625444305229   1.0721058675399395   3.1415598096734154

$redundant_gradients
 1 15
   0.0000000000000000   0.0000148254930513  -0.0000276786912516  -0.0000122663782547
  -0.0000279014869132  -0.0001091007908649  -0.0000416857952653  -0.0000418405832128
   0.0000595652057381   0.0000696738864233   0.0000693912136363  -0.0000834542288720
  -0.0000085529219975   0.0000071163836210  -0.0000008444265663

$hessian_approx
 18 18
                  0          1          2          3          4          5    
      0     960.960651  36.667940 191.442265 -960.418319 -36.685168 -191.464619
      1      36.667940   2.233809   7.297109 -36.633053  -1.555871  -7.275934
      2     191.442265   7.297109  38.995919 -191.502722  -7.287780 -38.320427
      3     -960.418319 -36.633053 -191.502722 960.583261  36.772946 191.440392
      4     -36.685168  -1.555871  -7.287780  36.772946   1.872006   7.068704
      5     -191.464619  -7.275934 -38.320427 191.440392   7.068704  38.455631
      6      -0.005457  -0.055152   0.037938  -0.165985  -0.082029   0.028361
      7       0.000883   0.015396  -0.007376  -0.138064  -0.349474   0.204444
      8      -0.003030  -0.020114   0.019050   0.069330   0.217181  -0.169944
      9      -0.159574  -0.001232  -0.046494   0.011994  -0.007366  -0.058748
     10      -0.000656  -0.141875  -0.032953  -0.001571   0.006307   0.006669
     11      -0.036870  -0.026956  -0.339006  -0.002098   0.000598   0.010409
     12      -0.177452  -0.068418   0.040753  -0.004948  -0.045367   0.033508
     13      -0.062473  -0.275278   0.087119   0.001726   0.008030  -0.010195
     14       0.036406   0.085766  -0.191112  -0.000920  -0.020899   0.008618
     15      -0.199848   0.089915   0.028260  -0.006003   0.046984   0.021105
     16       0.079473  -0.276182  -0.056118  -0.001984   0.019002   0.006312
     17       0.025846  -0.059872  -0.164424  -0.003981   0.022197   0.015713
                  6          7          8          9         10         11    
      0      -0.005457   0.000883  -0.003030  -0.159574  -0.000656  -0.036870
      1      -0.055152   0.015396  -0.020114  -0.001232  -0.141875  -0.026956
      2       0.037938  -0.007376   0.019050  -0.046494  -0.032953  -0.339006
      3      -0.165985  -0.138064   0.069330   0.011994  -0.001571  -0.002098
      4      -0.082029  -0.349474   0.217181  -0.007366   0.006307   0.000598
      5       0.028361   0.204444  -0.169944  -0.058748   0.006669   0.010409
      6       0.171439   0.137193  -0.066284  -0.000015   0.001161  -0.000147
      7       0.137193   0.334039  -0.197119   0.000048  -0.003735   0.000474
      8      -0.066284  -0.197119   0.150823   0.000066  -0.005108   0.000648
      9      -0.000015   0.000048   0.000066   0.124065   0.002183   0.043485
     10       0.001161  -0.003735  -0.005108   0.002183   0.108045   0.031148
     11      -0.000147   0.000474   0.000648   0.043485   0.031148   0.339816
     12       0.000206  -0.000662  -0.000905   0.009664   0.018819  -0.004287
     13      -0.000662   0.002128   0.002911   0.011938   0.023246  -0.005296
     14      -0.000905   0.002911   0.003982   0.026277   0.051169  -0.011657
     15      -0.000187   0.000602   0.000823   0.013865  -0.019937  -0.000082
     16      -0.000511   0.001644   0.002249  -0.005571   0.008011   0.000033
     17       0.001036  -0.003333  -0.004559   0.035414  -0.050925  -0.000210
                 12         13         14         15         16         17    
      0      -0.177452  -0.062473   0.036406  -0.199848   0.079473   0.025846
      1      -0.068418  -0.275278   0.085766   0.089915  -0.276182  -0.059872
      2       0.040753   0.087119  -0.191112   0.028260  -0.056118  -0.164424
      3      -0.004948   0.001726  -0.000920  -0.006003  -0.001984  -0.003981
      4      -0.045367   0.008030  -0.020899   0.046984   0.019002   0.022197
      5       0.033508  -0.010195   0.008618   0.021105   0.006312   0.015713
      6       0.000206  -0.000662  -0.000905  -0.000187  -0.000511   0.001036
      7      -0.000662   0.002128   0.002911   0.000602   0.001644  -0.003333
      8      -0.000905   0.002911   0.003982   0.000823   0.002249  -0.004559
      9       0.009664   0.011938   0.026277   0.013865  -0.005571   0.035414
     10       0.018819   0.023246   0.051169  -0.019937   0.008011  -0.050925
     11      -0.004287  -0.005296  -0.011657  -0.000082   0.000033  -0.000210
     12       0.149348   0.071725  -0.042513   0.023182   0.023902  -0.026556
     13       0.071725   0.264818  -0.100032  -0.022254  -0.022945   0.025493
     14      -0.042513  -0.100032   0.169153  -0.018346  -0.018916   0.021016
     15       0.023182  -0.022254  -0.018346   0.168991  -0.095309  -0.031760
     16       0.023902  -0.022945  -0.018916  -0.095309   0.270470   0.066440
     17      -0.026556   0.025493   0.021016  -0.031760   0.066440   0.132464

$bmatrix
 15 18
                  0          1          2          3          4          5    
      0      -0.980010  -0.037438  -0.195394   0.980010   0.037438   0.195394
      1       0.000000   0.000000   0.000000  -0.394273  -0.782261   0.482304
      2       0.186921   0.125969   0.974265   0.000000   0.000000   0.000000
      3       0.366836   0.788756  -0.493250   0.000000   0.000000   0.000000
      4       0.480408  -0.817852  -0.316744   0.000000   0.000000   0.000000
      5       0.411857  -0.403338   0.388486   0.031394   0.305107  -0.215918
      6       0.548724  -0.050631  -0.455127  -0.074470   0.045305   0.364826
      7       0.371910   0.518032   0.322705   0.044441  -0.337139  -0.158299
      8      -0.449804   0.466355  -0.443194   0.000000   0.000000   0.000000
      9      -0.567075   0.021151   0.541845   0.000000   0.000000   0.000000
     10      -0.370376  -0.611425  -0.323423   0.000000   0.000000   0.000000
     11      -0.031396  -0.305100   0.215927  -0.466600   0.430002  -0.420446
     12      -0.130837  -0.220819   0.698530   0.152815  -0.345769  -0.700201
     13      -0.031627   0.743330   0.016204   0.130280  -0.564760  -0.545217
     14       0.089415  -0.287571  -0.393364   0.107596  -0.346077  -0.473346
                  6          7          8          9         10         11    
      0       0.000000   0.000000   0.000000   0.000000   0.000000   0.000000
      1       0.394273   0.782261  -0.482304   0.000000   0.000000   0.000000
      2       0.000000   0.000000   0.000000  -0.186921  -0.125969  -0.974265
      3       0.000000   0.000000   0.000000   0.000000   0.000000   0.000000
      4       0.000000   0.000000   0.000000   0.000000   0.000000   0.000000
      5       0.000000   0.000000   0.000000   0.000000   0.000000   0.000000
      6       0.000000   0.000000   0.000000  -0.474255   0.005326   0.090301
      7       0.000000   0.000000   0.000000   0.000000   0.000000   0.000000
      8       0.000000   0.000000   0.000000   0.275650  -0.396377  -0.001636
      9       0.000000   0.000000   0.000000   0.000000   0.000000   0.000000
     10       0.000000   0.000000   0.000000   0.216158   0.420927  -0.095896
     11       0.497996  -0.124903   0.204518   0.000000   0.000000   0.000000
     12      -0.105336   0.338801   0.463401   0.000000   0.000000   0.000000
     13      -0.105336   0.338801   0.463401   0.006683  -0.517371   0.065612
     14      -0.105336   0.338801   0.463401   0.000000   0.000000   0.000000
                 12         13         14         15         16         17    
      0       0.000000   0.000000   0.000000   0.000000   0.000000   0.000000
      1       0.000000   0.000000   0.000000   0.000000   0.000000   0.000000
      2       0.000000   0.000000   0.000000   0.000000   0.000000   0.000000
      3      -0.366836  -0.788756   0.493250   0.000000   0.000000   0.000000
      4       0.000000   0.000000   0.000000  -0.480408   0.817852   0.316744
      5      -0.443251   0.098232  -0.172569   0.000000   0.000000   0.000000
      6       0.000000   0.000000   0.000000   0.000000   0.000000   0.000000
      7       0.000000   0.000000   0.000000  -0.416351  -0.180893  -0.164406
      8       0.000000   0.000000   0.000000   0.174154  -0.069978   0.444829
      9       0.304284  -0.292105  -0.240805   0.262792   0.270953  -0.301039
     10       0.154218   0.190498   0.419319   0.000000   0.000000   0.000000
     11       0.000000   0.000000   0.000000   0.000000   0.000000   0.000000
     12       0.000000   0.000000   0.000000   0.083358   0.227787  -0.461729
     13       0.000000   0.000000   0.000000   0.000000   0.000000   0.000000
     14      -0.091675   0.294847   0.403309   0.000000   0.000000   0.000000

