
$orca_opt_file

$trust
    0.300000000000

$epredict
    0.000000000000

$ediffsc
  1000.000000000000

$ctyp
  3

$coordinates
 1 18
   5.69032255  -2.23201601   1.13125809   8.30450543  -2.13214965   1.65247480
   9.01836649  -0.71580369   0.77922479   5.30316869  -2.49292672  -0.88666895
   4.93504625  -3.85598618   2.14681015   4.69528725  -0.53805416   1.78731054


$constraints
 1
   1.81057976


# redundant internal coordinates
#  nbonds nangles ndihedrals nimpropers ncartesians
# bond  definitions A B
# angle definitions A B C
# dihedral definitions A B C D
# improper torsion definitions A B C D
# cartesian definitions A x/y/z
$redundant_internals
 5 7 3 0 0
   1   0   0
   2   1  -1
   3   0   0
   4   0   0
   5   0   0
   1   0   4   0   0
   1   0   3   0   0
   1   0   5   0   0
   3   0   5   0   0
   4   0   5   0   0
   3   0   4   0   0
   0   1   2   0   0
   2   1   0   5   0
   2   1   0   3   0
   2   1   0   4   0
$energies
 1
 -115.7380509832604929

$gradients
 1 18
  -0.0000967550195330   0.0000185637671008  -0.0000359604708696  -0.0002222951286504
  -0.0005058108732139   0.0003176731461734   0.0002548756546136   0.0004931124837124
  -0.0003042132353588   0.0000119436035262   0.0000051660756220   0.0000005126057298
   0.0000377586401218  -0.0000126710025509   0.0000128898344172   0.0000144722521102
   0.0000016395488659   0.0000090981200246

$redundant_coords
 1 15
   2.6675067547751161   1.8105797551455274   2.0712296028533310   2.0588995499416578
   2.0712331541452573   1.8677964188214364   1.9587182645247518   1.9587497207465900
   1.8984472972833728   1.8887477741096839   1.8887555182675586   1.8980431880791420
  -1.0721634940165046   1.0721059072408925   3.1415596103841947

$redundant_gradients
 1 15
   0.0000344191808644   0.0000000000000000  -0.0000031389115997   0.0000023542007223
  -0.0000027612833688  -0.0000568019776165  -0.0000063074604237  -0.0000065735322641
   0.0000183059706561   0.0000266565195798   0.0000263243822370   0.0000113525609723
  -0.0000079206863207   0.0000064917863802  -0.0000008402999430

$hessian_approx
 18 18
                  0          1          2          3          4          5    
      0       1.037592  -0.002783   0.052867  -0.495374  -0.014447  -0.075227
      1      -0.002783   0.832576  -0.014259   0.037556  -0.154705   0.035405
      2       0.052867  -0.014259   0.836381  -0.113249   0.023584  -0.160940
      3      -0.495374   0.037556  -0.113249 156.029041 308.364245 -190.008391
      4      -0.014447  -0.154705   0.023584 308.364245 612.081984 -377.332395
      5      -0.075227   0.035405  -0.160940 -190.008391 -377.332395 232.791170
      6      -0.005447  -0.055036   0.037864 -155.534709 -308.344055 190.087746
      7       0.000883   0.015356  -0.007373 -308.399974 -611.960570 377.294205
      8      -0.003020  -0.020084   0.018994 190.128629 377.306916 -232.664922
      9      -0.159524  -0.001241  -0.046563   0.011982  -0.007358  -0.058685
     10      -0.000658  -0.141824  -0.032951  -0.001561   0.006266   0.006628
     11      -0.036879  -0.026961  -0.338994  -0.002097   0.000602   0.010402
     12      -0.177423  -0.068477   0.040796  -0.004941  -0.045322   0.033467
     13      -0.062483  -0.275255   0.087123   0.001720   0.008033  -0.010167
     14       0.036413   0.085759  -0.191073  -0.000924  -0.020860   0.008632
     15      -0.199824   0.089980   0.028287  -0.005998   0.046937   0.021090
     16       0.079487  -0.276148  -0.056124  -0.001986   0.018991   0.006324
     17       0.025847  -0.059860  -0.164367  -0.003968   0.022154   0.015658
                  6          7          8          9         10         11    
      0      -0.005447   0.000883  -0.003020  -0.159524  -0.000658  -0.036879
      1      -0.055036   0.015356  -0.020084  -0.001241  -0.141824  -0.026961
      2       0.037864  -0.007373   0.018994  -0.046563  -0.032951  -0.338994
      3     -155.534709 -308.399974 190.128629   0.011982  -0.001561  -0.002097
      4     -308.344055 -611.960570 377.306916  -0.007358   0.006266   0.000602
      5     190.087746 377.294205 -232.664922  -0.058685   0.006628   0.010402
      6     155.540152 308.399102 -190.125594  -0.000015   0.001153  -0.000146
      7     308.399102 611.945176 -377.286883   0.000048  -0.003710   0.000470
      8     -190.125594 -377.286883 232.645858   0.000066  -0.005074   0.000643
      9      -0.000015   0.000048   0.000066   0.124028   0.002184   0.043492
     10       0.001153  -0.003710  -0.005074   0.002184   0.108010   0.031152
     11      -0.000146   0.000470   0.000643   0.043492   0.031152   0.339816
     12       0.000204  -0.000657  -0.000899   0.009664   0.018819  -0.004287
     13      -0.000657   0.002114   0.002892   0.011938   0.023246  -0.005296
     14      -0.000899   0.002892   0.003955   0.026277   0.051169  -0.011657
     15      -0.000186   0.000598   0.000817   0.013865  -0.019937  -0.000082
     16      -0.000508   0.001633   0.002234  -0.005571   0.008011   0.000033
     17       0.001029  -0.003311  -0.004528   0.035414  -0.050925  -0.000210
                 12         13         14         15         16         17    
      0      -0.177423  -0.062483   0.036413  -0.199824   0.079487   0.025847
      1      -0.068477  -0.275255   0.085759   0.089980  -0.276148  -0.059860
      2       0.040796   0.087123  -0.191073   0.028287  -0.056124  -0.164367
      3      -0.004941   0.001720  -0.000924  -0.005998  -0.001986  -0.003968
      4      -0.045322   0.008033  -0.020860   0.046937   0.018991   0.022154
      5       0.033467  -0.010167   0.008632   0.021090   0.006324   0.015658
      6       0.000204  -0.000657  -0.000899  -0.000186  -0.000508   0.001029
      7      -0.000657   0.002114   0.002892   0.000598   0.001633  -0.003311
      8      -0.000899   0.002892   0.003955   0.000817   0.002234  -0.004528
      9       0.009664   0.011938   0.026277   0.013865  -0.005571   0.035414
     10       0.018819   0.023246   0.051169  -0.019937   0.008011  -0.050925
     11      -0.004287  -0.005296  -0.011657  -0.000082   0.000033  -0.000210
     12       0.149314   0.071736  -0.042521   0.023182   0.023902  -0.026556
     13       0.071736   0.264806  -0.100045  -0.022254  -0.022945   0.025493
     14      -0.042521  -0.100045   0.169127  -0.018346  -0.018916   0.021016
     15       0.023182  -0.022254  -0.018346   0.168961  -0.095324  -0.031766
     16       0.023902  -0.022945  -0.018916  -0.095324   0.270458   0.066449
     17      -0.026556   0.025493   0.021016  -0.031766   0.066449   0.132432

$bmatrix
 15 18
                  0          1          2          3          4          5    
      0      -0.980010  -0.037438  -0.195395   0.980010   0.037438   0.195395
      1       0.000000   0.000000   0.000000  -0.394272  -0.782261   0.482304
      2       0.186920   0.125969   0.974265   0.000000   0.000000   0.000000
      3       0.366835   0.788756  -0.493250   0.000000   0.000000   0.000000
      4       0.480407  -0.817852  -0.316745   0.000000   0.000000   0.000000
      5       0.411875  -0.403165   0.388364   0.031376   0.304934  -0.215795
      6       0.548683  -0.050605  -0.454919  -0.074428   0.045279   0.364619
      7       0.371935   0.517840   0.322615   0.044416  -0.336947  -0.158209
      8      -0.449804   0.466356  -0.443194   0.000000   0.000000   0.000000
      9      -0.567075   0.021151   0.541846   0.000000   0.000000   0.000000
     10      -0.370376  -0.611426  -0.323423   0.000000   0.000000   0.000000
     11      -0.031379  -0.304926   0.215805  -0.466305   0.429750  -0.420195
     12      -0.130810  -0.220823   0.698394   0.152722  -0.345552  -0.699775
     13      -0.031613   0.743201   0.016157   0.130200  -0.564419  -0.544879
     14       0.089416  -0.287575  -0.393370   0.107529  -0.345860  -0.473049
                  6          7          8          9         10         11    
      0       0.000000   0.000000   0.000000   0.000000   0.000000   0.000000
      1       0.394272   0.782261  -0.482304   0.000000   0.000000   0.000000
      2       0.000000   0.000000   0.000000  -0.186920  -0.125969  -0.974265
      3       0.000000   0.000000   0.000000   0.000000   0.000000   0.000000
      4       0.000000   0.000000   0.000000   0.000000   0.000000   0.000000
      5       0.000000   0.000000   0.000000   0.000000   0.000000   0.000000
      6       0.000000   0.000000   0.000000  -0.474255   0.005326   0.090301
      7       0.000000   0.000000   0.000000   0.000000   0.000000   0.000000
      8       0.000000   0.000000   0.000000   0.275650  -0.396377  -0.001635
      9       0.000000   0.000000   0.000000   0.000000   0.000000   0.000000
     10       0.000000   0.000000   0.000000   0.216158   0.420928  -0.095896
     11       0.497684  -0.124824   0.204390   0.000000   0.000000   0.000000
     12      -0.105270   0.338589   0.463110   0.000000   0.000000   0.000000
     13      -0.105270   0.338589   0.463110   0.006683  -0.517372   0.065612
     14      -0.105270   0.338589   0.463110   0.000000   0.000000   0.000000
                 12         13         14         15         16         17    
      0       0.000000   0.000000   0.000000   0.000000   0.000000   0.000000
      1       0.000000   0.000000   0.000000   0.000000   0.000000   0.000000
      2       0.000000   0.000000   0.000000   0.000000   0.000000   0.000000
      3      -0.366835  -0.788756   0.493250   0.000000   0.000000   0.000000
      4       0.000000   0.000000   0.000000  -0.480407   0.817852   0.316745
      5      -0.443251   0.098231  -0.172569   0.000000   0.000000   0.000000
      6       0.000000   0.000000   0.000000   0.000000   0.000000   0.000000
      7       0.000000   0.000000   0.000000  -0.416351  -0.180893  -0.164406
      8       0.000000   0.000000   0.000000   0.174154  -0.069979   0.444829
      9       0.304283  -0.292105  -0.240806   0.262791   0.270953  -0.301040
     10       0.154218   0.190498   0.419319   0.000000   0.000000   0.000000
     11       0.000000   0.000000   0.000000   0.000000   0.000000   0.000000
     12       0.000000   0.000000   0.000000   0.083358   0.227787  -0.461729
     13       0.000000   0.000000   0.000000   0.000000   0.000000   0.000000
     14      -0.091676   0.294847   0.403309   0.000000   0.000000   0.000000

