
$orca_opt_file

$trust
    0.300000000000

$epredict
    0.000000000000

$ediffsc
  1000.000000000000

$ctyp
  3

$coordinates
 1 18
   5.68980665  -2.23160027   1.13083857   8.30546919  -2.13167722   1.65235008
   9.01888427  -0.71621943   0.77964620   5.30265090  -2.49251098  -0.88709036
   4.93452847  -3.85557044   2.14638874   4.69476947  -0.53763842   1.78688913


$constraints
 1
   2.66901656


# redundant internal coordinates
#  nbonds nangles ndihedrals nimpropers ncartesians
# bond  definitions A B
# angle definitions A B C
# dihedral definitions A B C D
# improper torsion definitions A B C D
# cartesian definitions A x/y/z
$redundant_internals
 5 7 3 0 0
   1   0  -1
   2   1   0
   3   0   0
   4   0   0
   5   0   0
   1   0   4   0   0
   1   0   3   0   0
   1   0   5   0   0
   3   0   5   0   0
   4   0   5   0   0
   3   0   4   0   0
   0   1   2   0   0
   2   1   0   5   0
   2   1   0   3   0
   2   1   0   4   0
$energies
 1
 -115.7380509042504713

$gradients
 1 18
  -0.0005119587537051  -0.0000088775120824  -0.0001094789274681   0.0005506116667492
   0.0000242627404435   0.0001057310000662   0.0000364062197693  -0.0000013358506760
   0.0000076264267015  -0.0000349614814964  -0.0000000744397537  -0.0000166831747795
  -0.0000049808031539  -0.0000194670600605   0.0000080680693483  -0.0000351168489696
   0.0000054921219901   0.0000047366067881

$redundant_coords
 1 15
   2.6690165560548005   1.8094457365995482   2.0712317971756806   2.0588993110536737
   2.0712334634239493   1.8677976800451159   1.9587189185545630   1.9587507965050437
   1.8984456097612197   1.8887477264321324   1.8887542071778063   1.8980438196846705
  -1.0721635877898097   1.0721048918542684   3.1415581634738570

$redundant_gradients
 1 15
   0.0000000000000000   0.0000090599891094   0.0000230447881861   0.0000210143648863
   0.0000228285035734  -0.0000197036928225   0.0000371955915175   0.0000370234777871
  -0.0000259849882120  -0.0000157464978712  -0.0000161643369855   0.0000661463852937
  -0.0000114387867904   0.0000100768561186  -0.0000008869331082

$hessian_approx
 18 18
                  0          1          2          3          4          5    
      0     960.960328  36.668016 191.442578 -960.418211 -36.685250 -191.464941
      1      36.668016   2.233145   7.297197 -36.633246  -1.555372  -7.276038
      2     191.442578   7.297197  38.995404 -191.502963  -7.287859 -38.320053
      3     -960.418211 -36.633246 -191.502963 960.583067  36.773189 191.440630
      4     -36.685250  -1.555372  -7.287859  36.773189   1.871456   7.068687
      5     -191.464941  -7.276038 -38.320053 191.440630   7.068687  38.455095
      6      -0.005447  -0.055029   0.037866  -0.165897  -0.082202   0.028433
      7       0.000887   0.015345  -0.007387  -0.138117  -0.349326   0.204567
      8      -0.003015  -0.020097   0.018974   0.069313   0.217277  -0.169685
      9      -0.159474  -0.001250  -0.046632   0.011969  -0.007350  -0.058623
     10      -0.000661  -0.141772  -0.032949  -0.001553   0.006229   0.006594
     11      -0.036888  -0.026966  -0.338980  -0.002096   0.000605   0.010395
     12      -0.177395  -0.068537   0.040838  -0.004935  -0.045277   0.033428
     13      -0.062492  -0.275232   0.087128   0.001715   0.008035  -0.010143
     14       0.036419   0.085753  -0.191034  -0.000927  -0.020825   0.008641
     15      -0.199801   0.090045   0.028314  -0.005993   0.046891   0.021074
     16       0.079501  -0.276114  -0.056130  -0.001988   0.018979   0.006334
     17       0.025847  -0.059848  -0.164310  -0.003957   0.022116   0.015608
                  6          7          8          9         10         11    
      0      -0.005447   0.000887  -0.003015  -0.159474  -0.000661  -0.036888
      1      -0.055029   0.015345  -0.020097  -0.001250  -0.141772  -0.026966
      2       0.037866  -0.007387   0.018974  -0.046632  -0.032949  -0.338980
      3      -0.165897  -0.138117   0.069313   0.011969  -0.001553  -0.002096
      4      -0.082202  -0.349326   0.217277  -0.007350   0.006229   0.000605
      5       0.028433   0.204567  -0.169685  -0.058623   0.006594   0.010395
      6       0.171341   0.137243  -0.066282  -0.000015   0.001147  -0.000145
      7       0.137243   0.333944  -0.197232   0.000048  -0.003689   0.000468
      8      -0.066282  -0.197232   0.150641   0.000065  -0.005046   0.000640
      9      -0.000015   0.000048   0.000065   0.123990   0.002185   0.043499
     10       0.001147  -0.003689  -0.005046   0.002185   0.107975   0.031156
     11      -0.000145   0.000468   0.000640   0.043499   0.031156   0.339813
     12       0.000203  -0.000654  -0.000894   0.009664   0.018819  -0.004287
     13      -0.000654   0.002103   0.002876   0.011938   0.023246  -0.005296
     14      -0.000894   0.002876   0.003934   0.026277   0.051169  -0.011657
     15      -0.000185   0.000594   0.000813   0.013865  -0.019937  -0.000082
     16      -0.000505   0.001624   0.002222  -0.005571   0.008011   0.000033
     17       0.001024  -0.003293  -0.004503   0.035414  -0.050925  -0.000210
                 12         13         14         15         16         17    
      0      -0.177395  -0.062492   0.036419  -0.199801   0.079501   0.025847
      1      -0.068537  -0.275232   0.085753   0.090045  -0.276114  -0.059848
      2       0.040838   0.087128  -0.191034   0.028314  -0.056130  -0.164310
      3      -0.004935   0.001715  -0.000927  -0.005993  -0.001988  -0.003957
      4      -0.045277   0.008035  -0.020825   0.046891   0.018979   0.022116
      5       0.033428  -0.010143   0.008641   0.021074   0.006334   0.015608
      6       0.000203  -0.000654  -0.000894  -0.000185  -0.000505   0.001024
      7      -0.000654   0.002103   0.002876   0.000594   0.001624  -0.003293
      8      -0.000894   0.002876   0.003934   0.000813   0.002222  -0.004503
      9       0.009664   0.011938   0.026277   0.013865  -0.005571   0.035414
     10       0.018819   0.023246   0.051169  -0.019937   0.008011  -0.050925
     11      -0.004287  -0.005296  -0.011657  -0.000082   0.000033  -0.000210
     12       0.149281   0.071747  -0.042529   0.023182   0.023902  -0.026556
     13       0.071747   0.264793  -0.100057  -0.022254  -0.022945   0.025493
     14      -0.042529  -0.100057   0.169101  -0.018346  -0.018916   0.021016
     15       0.023182  -0.022254  -0.018346   0.168932  -0.095338  -0.031773
     16       0.023902  -0.022945  -0.018916  -0.095338   0.270445   0.066457
     17      -0.026556   0.025493   0.021016  -0.031773   0.066457   0.132399

$bmatrix
 15 18
                  0          1          2          3          4          5    
      0      -0.980010  -0.037438  -0.195395   0.980010   0.037438   0.195395
      1       0.000000   0.000000   0.000000  -0.394273  -0.782260   0.482305
      2       0.186921   0.125969   0.974265   0.000000   0.000000   0.000000
      3       0.366836   0.788756  -0.493249   0.000000   0.000000   0.000000
      4       0.480408  -0.817852  -0.316744   0.000000   0.000000   0.000000
      5       0.411893  -0.402993   0.388242   0.031358   0.304761  -0.215673
      6       0.548640  -0.050579  -0.454713  -0.074385   0.045253   0.364412
      7       0.371960   0.517650   0.322526   0.044391  -0.336757  -0.158120
      8      -0.449804   0.466355  -0.443194   0.000000   0.000000   0.000000
      9      -0.567076   0.021151   0.541845   0.000000   0.000000   0.000000
     10      -0.370376  -0.611425  -0.323423   0.000000   0.000000   0.000000
     11      -0.031361  -0.304754   0.215683  -0.466635   0.429656  -0.420201
     12      -0.130784  -0.220827   0.698261   0.152761  -0.345761  -0.699932
     13      -0.031599   0.743074   0.016111   0.130252  -0.564504  -0.545123
     14       0.089418  -0.287579  -0.393376   0.107594  -0.346069  -0.473334
                  6          7          8          9         10         11    
      0       0.000000   0.000000   0.000000   0.000000   0.000000   0.000000
      1       0.394273   0.782260  -0.482305   0.000000   0.000000   0.000000
      2       0.000000   0.000000   0.000000  -0.186921  -0.125969  -0.974265
      3       0.000000   0.000000   0.000000   0.000000   0.000000   0.000000
      4       0.000000   0.000000   0.000000   0.000000   0.000000   0.000000
      5       0.000000   0.000000   0.000000   0.000000   0.000000   0.000000
      6       0.000000   0.000000   0.000000  -0.474255   0.005326   0.090301
      7       0.000000   0.000000   0.000000   0.000000   0.000000   0.000000
      8       0.000000   0.000000   0.000000   0.275650  -0.396377  -0.001636
      9       0.000000   0.000000   0.000000   0.000000   0.000000   0.000000
     10       0.000000   0.000000   0.000000   0.216158   0.420927  -0.095896
     11       0.497996  -0.124902   0.204518   0.000000   0.000000   0.000000
     12      -0.105336   0.338802   0.463400   0.000000   0.000000   0.000000
     13      -0.105336   0.338802   0.463400   0.006683  -0.517371   0.065612
     14      -0.105336   0.338802   0.463400   0.000000   0.000000   0.000000
                 12         13         14         15         16         17    
      0       0.000000   0.000000   0.000000   0.000000   0.000000   0.000000
      1       0.000000   0.000000   0.000000   0.000000   0.000000   0.000000
      2       0.000000   0.000000   0.000000   0.000000   0.000000   0.000000
      3      -0.366836  -0.788756   0.493249   0.000000   0.000000   0.000000
      4       0.000000   0.000000   0.000000  -0.480408   0.817852   0.316744
      5      -0.443251   0.098232  -0.172569   0.000000   0.000000   0.000000
      6       0.000000   0.000000   0.000000   0.000000   0.000000   0.000000
      7       0.000000   0.000000   0.000000  -0.416351  -0.180893  -0.164406
      8       0.000000   0.000000   0.000000   0.174154  -0.069978   0.444829
      9       0.304284  -0.292105  -0.240806   0.262792   0.270953  -0.301039
     10       0.154218   0.190498   0.419319   0.000000   0.000000   0.000000
     11       0.000000   0.000000   0.000000   0.000000   0.000000   0.000000
     12       0.000000   0.000000   0.000000   0.083358   0.227787  -0.461729
     13       0.000000   0.000000   0.000000   0.000000   0.000000   0.000000
     14      -0.091676   0.294846   0.403310   0.000000   0.000000   0.000000

