
$orca_opt_file

$trust
    0.300000000000

$epredict
    0.000000000000

$ediffsc
  1000.000000000000

$ctyp
  3

$coordinates
 1 18
   5.69100096  -2.23234482   1.13068551   8.30518195  -2.13247846   1.65190221
   9.01859703  -0.71702068   0.77920023   5.30384521  -2.49325553  -0.88724154
   4.93572278  -3.85631499   2.14623756   4.69505671  -0.53683718   1.78733510


$constraints
 1
   2.07312320


# redundant internal coordinates
#  nbonds nangles ndihedrals nimpropers ncartesians
# bond  definitions A B
# angle definitions A B C
# dihedral definitions A B C D
# improper torsion definitions A B C D
# cartesian definitions A x/y/z
$redundant_internals
 5 7 3 0 0
   1   0   0
   2   1   0
   3   0   0
   4   0   0
   5   0  -1
   1   0   4   0   0
   1   0   3   0   0
   1   0   5   0   0
   3   0   5   0   0
   4   0   5   0   0
   3   0   4   0   0
   0   1   2   0   0
   2   1   0   5   0
   2   1   0   3   0
   2   1   0   4   0
$energies
 1
 -115.7380508185730292

$gradients
 1 18
   0.0001529570818736  -0.0004442529571615  -0.0002349441850415   0.0000647985518932
  -0.0000366040522074   0.0000323229515943   0.0000002485330756   0.0000105025315438
  -0.0000074791719953   0.0000146677213756  -0.0000129849891309  -0.0000056456982453
   0.0000461397210498  -0.0000299594208969   0.0000074717081423  -0.0002788116101098
   0.0005132988864500   0.0002082743956105

$redundant_coords
 1 15
   2.6675049028249238   1.8094448251768320   2.0712299560814298   2.0589002431599810
   2.0731232016012520   1.8677971971518785   1.9587193013849924   1.9587502834073311
   1.8984459363286064   1.8887474041143477   1.8887548183584857   1.8980440493774444
  -1.0721629471977348   1.0721058642470149   3.1415597961021859

$redundant_gradients
 1 15
   0.0000679561035410   0.0000113564343617   0.0000046378514672   0.0000102455660640
   0.0000000000000000  -0.0000729755604399  -0.0000112603705828  -0.0000051466402361
   0.0000323148688585   0.0000419526173869   0.0000164914741205  -0.0000077764387366
  -0.0000092793348944   0.0000209135122788  -0.0000114826158609

$hessian_approx
 18 18
                  0          1          2          3          4          5    
      0     231.747495 -392.766795 -152.059900  -0.495379  -0.014381  -0.075193
      1     -392.766795 669.478497 258.944326   0.037603  -0.154679   0.035458
      2     -152.059900 258.944326 101.127556  -0.113294   0.023644  -0.160940
      3      -0.495379   0.037603  -0.113294   0.660269   0.102311   0.050956
      4      -0.014381  -0.154679   0.023644   0.102311   0.470819  -0.242737
      5      -0.075193   0.035458  -0.160940   0.050956  -0.242737   0.296081
      6      -0.005453  -0.055091   0.037903  -0.165941  -0.082116   0.028397
      7       0.000885   0.015372  -0.007385  -0.138091  -0.349400   0.204506
      8      -0.003022  -0.020103   0.019008   0.069321   0.217230  -0.169814
      9      -0.159491  -0.001267  -0.046511   0.011982  -0.007358  -0.058685
     10      -0.000706  -0.141786  -0.033027  -0.001562   0.006268   0.006631
     11      -0.036879  -0.026961  -0.338994  -0.002097   0.000601   0.010402
     12      -0.177374  -0.068456   0.040744  -0.004941  -0.045322   0.033468
     13      -0.062530  -0.275274   0.087173   0.001721   0.008032  -0.010169
     14       0.036373   0.085743  -0.191032  -0.000924  -0.020862   0.008629
     15     -230.909799 392.854006 152.141058  -0.005989   0.046865   0.021057
     16     392.843527 -668.922130 -259.014731  -0.001983   0.018960   0.006311
     17     152.138621 -259.018462 -100.455598  -0.003964   0.022124   0.015641
                  6          7          8          9         10         11    
      0      -0.005453   0.000885  -0.003022  -0.159491  -0.000706  -0.036879
      1      -0.055091   0.015372  -0.020103  -0.001267  -0.141786  -0.026961
      2       0.037903  -0.007385   0.019008  -0.046511  -0.033027  -0.338994
      3      -0.165941  -0.138091   0.069321   0.011982  -0.001562  -0.002097
      4      -0.082116  -0.349400   0.217230  -0.007358   0.006268   0.000601
      5       0.028397   0.204506  -0.169814  -0.058685   0.006631   0.010402
      6       0.171390   0.137218  -0.066283  -0.000015   0.001154  -0.000146
      7       0.137218   0.333992  -0.197176   0.000048  -0.003712   0.000471
      8      -0.066283  -0.197176   0.150732   0.000066  -0.005077   0.000644
      9      -0.000015   0.000048   0.000066   0.124015   0.002202   0.043492
     10       0.001154  -0.003712  -0.005077   0.002202   0.107984   0.031152
     11      -0.000146   0.000471   0.000644   0.043492   0.031152   0.339816
     12       0.000204  -0.000658  -0.000900   0.009664   0.018819  -0.004287
     13      -0.000658   0.002115   0.002893   0.011938   0.023246  -0.005296
     14      -0.000900   0.002894   0.003958   0.026277   0.051169  -0.011657
     15      -0.000186   0.000598   0.000817   0.013844  -0.019908  -0.000082
     16      -0.000508   0.001633   0.002233  -0.005563   0.007999   0.000033
     17       0.001029  -0.003310  -0.004527   0.035362  -0.050849  -0.000210
                 12         13         14         15         16         17    
      0      -0.177374  -0.062530   0.036373 -230.909799 392.843527 152.138621
      1      -0.068456  -0.275274   0.085743 392.854006 -668.922130 -259.018462
      2       0.040744   0.087173  -0.191032 152.141058 -259.014731 -100.455598
      3      -0.004941   0.001721  -0.000924  -0.005989  -0.001983  -0.003964
      4      -0.045322   0.008032  -0.020862   0.046865   0.018960   0.022124
      5       0.033468  -0.010169   0.008629   0.021057   0.006311   0.015641
      6       0.000204  -0.000658  -0.000900  -0.000186  -0.000508   0.001029
      7      -0.000658   0.002115   0.002894   0.000598   0.001633  -0.003310
      8      -0.000900   0.002893   0.003958   0.000817   0.002233  -0.004527
      9       0.009664   0.011938   0.026277   0.013844  -0.005563   0.035362
     10       0.018819   0.023246   0.051169  -0.019908   0.007999  -0.050849
     11      -0.004287  -0.005296  -0.011657  -0.000082   0.000033  -0.000210
     12       0.149299   0.071751  -0.042508   0.023147   0.023866  -0.026516
     13       0.071751   0.264791  -0.100056  -0.022221  -0.022911   0.025455
     14      -0.042508  -0.100056   0.169118  -0.018318  -0.018887   0.020985
     15       0.023147  -0.022221  -0.018318 230.878982 -392.859340 -152.144531
     16       0.023866  -0.022911  -0.018887 -392.859340 668.916448 259.025041
     17      -0.026516   0.025455   0.020985 -152.144531 259.025041 100.423709

$bmatrix
 15 18
                  0          1          2          3          4          5    
      0      -0.980010  -0.037438  -0.195395   0.980010   0.037438   0.195395
      1       0.000000   0.000000   0.000000  -0.394273  -0.782261   0.482304
      2       0.186921   0.125969   0.974265   0.000000   0.000000   0.000000
      3       0.366836   0.788756  -0.493250   0.000000   0.000000   0.000000
      4       0.480408  -0.817852  -0.316744   0.000000   0.000000   0.000000
      5       0.411875  -0.403165   0.388364   0.031376   0.304934  -0.215795
      6       0.548683  -0.050605  -0.454920  -0.074428   0.045279   0.364619
      7       0.371556   0.517676   0.322466   0.044416  -0.336948  -0.158209
      8      -0.449646   0.466292  -0.442788   0.000000   0.000000   0.000000
      9      -0.566835   0.021398   0.541571   0.000000   0.000000   0.000000
     10      -0.370376  -0.611425  -0.323423   0.000000   0.000000   0.000000
     11      -0.031379  -0.304927   0.215805  -0.466617   0.429829  -0.420323
     12      -0.130735  -0.220615   0.697974   0.152788  -0.345765  -0.700067
     13      -0.031613   0.743202   0.016157   0.130266  -0.564632  -0.545170
     14       0.089416  -0.287575  -0.393370   0.107595  -0.346073  -0.473340
                  6          7          8          9         10         11    
      0       0.000000   0.000000   0.000000   0.000000   0.000000   0.000000
      1       0.394273   0.782261  -0.482304   0.000000   0.000000   0.000000
      2       0.000000   0.000000   0.000000  -0.186921  -0.125969  -0.974265
      3       0.000000   0.000000   0.000000   0.000000   0.000000   0.000000
      4       0.000000   0.000000   0.000000   0.000000   0.000000   0.000000
      5       0.000000   0.000000   0.000000   0.000000   0.000000   0.000000
      6       0.000000   0.000000   0.000000  -0.474255   0.005326   0.090301
      7       0.000000   0.000000   0.000000   0.000000   0.000000   0.000000
      8       0.000000   0.000000   0.000000   0.275650  -0.396377  -0.001636
      9       0.000000   0.000000   0.000000   0.000000   0.000000   0.000000
     10       0.000000   0.000000   0.000000   0.216158   0.420928  -0.095896
     11       0.497996  -0.124902   0.204518   0.000000   0.000000   0.000000
     12      -0.105336   0.338801   0.463401   0.000000   0.000000   0.000000
     13      -0.105336   0.338801   0.463401   0.006683  -0.517372   0.065612
     14      -0.105336   0.338801   0.463401   0.000000   0.000000   0.000000
                 12         13         14         15         16         17    
      0       0.000000   0.000000   0.000000   0.000000   0.000000   0.000000
      1       0.000000   0.000000   0.000000   0.000000   0.000000   0.000000
      2       0.000000   0.000000   0.000000   0.000000   0.000000   0.000000
      3      -0.366836  -0.788756   0.493250   0.000000   0.000000   0.000000
      4       0.000000   0.000000   0.000000  -0.480408   0.817852   0.316744
      5      -0.443251   0.098232  -0.172569   0.000000   0.000000   0.000000
      6       0.000000   0.000000   0.000000   0.000000   0.000000   0.000000
      7       0.000000   0.000000   0.000000  -0.415972  -0.180728  -0.164256
      8       0.000000   0.000000   0.000000   0.173996  -0.069915   0.444424
      9       0.304283  -0.292105  -0.240806   0.262552   0.270706  -0.300765
     10       0.154218   0.190498   0.419319   0.000000   0.000000   0.000000
     11       0.000000   0.000000   0.000000   0.000000   0.000000   0.000000
     12       0.000000   0.000000   0.000000   0.083282   0.227579  -0.461308
     13       0.000000   0.000000   0.000000   0.000000   0.000000   0.000000
     14      -0.091676   0.294847   0.403309   0.000000   0.000000   0.000000

