
$orca_opt_file

$trust
    0.300000000000

$epredict
    0.000000000000

$ediffsc
  1000.000000000000

$ctyp
  3

$coordinates
 2 18
   5.69094049  -2.22778491   1.12830634   8.30472842  -2.13170557   1.65220268
   9.01529757  -0.71553535   0.77833095   5.30339167  -2.49248263  -0.88694296
   4.93526924  -3.85554209   2.14653614   4.69551024  -0.53761008   1.78703653

   5.69097024  -2.22987498   1.12983487   8.30524392  -2.13182186   1.65238085
   9.01438729  -0.71512818   0.77785671   5.30386590  -2.49277451  -0.88759522
   4.93494577  -3.85406186   2.14539011   4.69572451  -0.53699924   1.78760234


$constraints
 1
   1.89455320


# redundant internal coordinates
#  nbonds nangles ndihedrals nimpropers ncartesians
# bond  definitions A B
# angle definitions A B C
# dihedral definitions A B C D
# improper torsion definitions A B C D
# cartesian definitions A x/y/z
$redundant_internals
 5 7 3 0 0
   1   0   0
   2   1   0
   3   0   0
   4   0   0
   5   0   0
   1   0   4   0   0
   1   0   3   0   0
   1   0   5   0   0
   3   0   5   0   0
   4   0   5   0   0
   3   0   4   0   0
   0   1   2   0  -1
   2   1   0   5   0
   2   1   0   3   0
   2   1   0   4   0
$energies
 2
 -115.7380437097478563
 -115.7380498365966162

$gradients
 2 18
   0.0002643819251229   0.0024572551482813  -0.0017359270004039   0.0001798469727442
  -0.0005136199617223   0.0004145148999077  -0.0003744792619594   0.0000166612085849
  -0.0000985794605315   0.0000417390017875  -0.0001305025860828   0.0006671673322990
  -0.0003166696298299  -0.0011785421965165   0.0007844784309135   0.0002051809954516
  -0.0006512516126830  -0.0000316542016541
   0.0000396772747312   0.0006732107950385  -0.0004833639013807   0.0002547755691351
  -0.0004162268705581   0.0003599131871203  -0.0003004572463685   0.0001033027296015
  -0.0001447299320221  -0.0000099096019415  -0.0001348880815128   0.0000816311875236
   0.0000278136628400  -0.0001018094310719   0.0000759975590099  -0.0000118996568943
  -0.0001235891415320   0.0001105518992762

$redundant_coords
 2 15
   2.6675055678810669   1.8094469831690387   2.0691758548416912   2.0633527038244881
   2.0691780503030452   1.8653933753331848   1.9599580253299607   1.9599893566704485
   1.9012222617041523   1.8871498870659154   1.8871567088942154   1.8945532004945773
  -1.0749276634920206   1.0748684101938299   3.1415583098708000
   2.6677885156382573   1.8096126005229489   2.0709877075101324   2.0593466028373562
   2.0709901921859761   1.8672693156430713   1.9591237483095365   1.9591554098781534
   1.9000504492706078   1.8877167911784345   1.8877261059091217   1.8945532000000476
  -1.0734941743147663   1.0734955872280278   3.1415900306855487

$redundant_gradients
 2 15
  -0.0001462702360956  -0.0000869042344091  -0.0006406847012503   0.0014327140678977
  -0.0006407842348967  -0.0005221298725958   0.0002243334725605   0.0002241388838000
   0.0001464941159524  -0.0000526875786493  -0.0000532233002985   0.0000000000000000
  -0.0002672438134591   0.0002661133094858  -0.0000008268856124
  -0.0000138115986990   0.0000325532268095  -0.0000603200845831   0.0001074291344814
  -0.0000602251931361  -0.0002057106154958   0.0000878985436636   0.0000875123953644
   0.0001226305471031  -0.0000547227604556  -0.0000549399336130   0.0000000000000000
  -0.0001473474760871   0.0001464123653776  -0.0000004858642519

$hessian_approx
 18 18
                  0          1          2          3          4          5    
      0       2.062556   9.749577  -6.844942  14.433218 -13.745803  13.357554
      1       9.749577  93.674034 -65.673608 142.215218 -130.932243 127.967475
      2      -6.844942 -65.673608  47.276163 -100.668786  92.516166 -90.641790
      3      14.433218 142.215218 -100.668786 218.067259 -199.940730 195.725542
      4     -13.745803 -130.932243  92.516166 -199.940730 184.525654 -180.280874
      5      13.357554 127.967475 -90.641790 195.725542 -180.280874 176.404744
      6     -15.958673 -151.986445 107.491766 -232.501291 213.692982 -209.079382
      7       3.973960  37.856943 -26.771070  57.738213 -53.602239  52.294755
      8      -6.534123 -62.222300  44.011698 -95.057604  87.744909 -85.786404
      9      -0.159865   0.000352  -0.047670   0.012156  -0.007151  -0.058986
     10       0.003047  -0.112060  -0.054890  -0.003331   0.003313   0.008567
     11      -0.037496  -0.050688  -0.323339   0.001226   0.008443   0.005360
     12      -0.177534  -0.070079   0.041782  -0.006053  -0.048183   0.035337
     13      -0.062303  -0.241377   0.062794  -0.003776  -0.005333  -0.001474
     14       0.036124   0.061176  -0.172511   0.002828  -0.011732   0.002737
     15      -0.199703   0.091376   0.027849  -0.005290   0.048886   0.019936
     16       0.081522  -0.245297  -0.079393  -0.005593   0.010848   0.011551
     17       0.022882  -0.082056  -0.150220  -0.003207   0.023088   0.015353
                  6          7          8          9         10         11    
      0     -15.958673   3.973960  -6.534123  -0.159865   0.003047  -0.037496
      1     -151.986445  37.856943 -62.222300   0.000352  -0.112060  -0.050688
      2     107.491766 -26.771070  44.011698  -0.047670  -0.054890  -0.323339
      3     -232.501291  57.738213 -95.057604   0.012156  -0.003331   0.001226
      4     213.692982 -53.602239  87.744909  -0.007151   0.003313   0.008443
      5     -209.079382  52.294755 -85.786404  -0.058986   0.008567   0.005360
      6     248.459590 -61.712470 101.591892  -0.000281   0.000582  -0.002527
      7     -61.712470  15.741718 -25.521226  -0.000197  -0.004617  -0.001140
      8     101.591892 -25.521226  41.773618   0.000171  -0.004564   0.001366
      9      -0.000281  -0.000197   0.000171   0.124616   0.002593   0.044487
     10       0.000582  -0.004617  -0.004564   0.002593   0.106556   0.040764
     11      -0.002527  -0.001140   0.001366   0.044487   0.040764   0.338079
     12       0.001894   0.000767  -0.001581   0.008890   0.014454  -0.007303
     13       0.003913   0.005401   0.001396   0.010429   0.007463  -0.003146
     14      -0.003851   0.000796   0.004873   0.027082   0.061622  -0.014001
     15      -0.001239  -0.000272   0.001244   0.014483  -0.017345   0.001612
     16       0.001439   0.002793   0.001786  -0.006025  -0.000656   0.005766
     17       0.002102  -0.002115  -0.005152   0.034916  -0.051499  -0.007465
                 12         13         14         15         16         17    
      0      -0.177534  -0.062303   0.036124  -0.199703   0.081522   0.022882
      1      -0.070079  -0.241377   0.061176   0.091376  -0.245297  -0.082056
      2       0.041782   0.062794  -0.172511   0.027849  -0.079393  -0.150220
      3      -0.006053  -0.003776   0.002828  -0.005290  -0.005593  -0.003207
      4      -0.048183  -0.005333  -0.011732   0.048886   0.010848   0.023088
      5       0.035337  -0.001474   0.002737   0.019936   0.011551   0.015353
      6       0.001894   0.003913  -0.003851  -0.001239   0.001439   0.002102
      7       0.000767   0.005401   0.000796  -0.000272   0.002793  -0.002115
      8      -0.001581   0.001396   0.004873   0.001244   0.001786  -0.005152
      9       0.008890   0.010429   0.027082   0.014483  -0.006025   0.034916
     10       0.014454   0.007463   0.061622  -0.017345  -0.000656  -0.051499
     11      -0.007303  -0.003146  -0.014001   0.001612   0.005766  -0.007465
     12       0.152167   0.077928  -0.046307   0.020636   0.025112  -0.021929
     13       0.077928   0.264281  -0.098620  -0.026190  -0.030435   0.039049
     14      -0.046307  -0.098620   0.166812  -0.015876  -0.013242   0.012091
     15       0.020636  -0.026190  -0.015876   0.171113  -0.096455  -0.034764
     16       0.025112  -0.030435  -0.013242  -0.096455   0.262747   0.073532
     17      -0.021929   0.039049   0.012091  -0.034764   0.073532   0.135394

$bmatrix
 15 18
                  0          1          2          3          4          5    
      0      -0.979940  -0.036754  -0.195872   0.979940   0.036754   0.195872
      1       0.000000   0.000000   0.000000  -0.391876  -0.782871   0.483266
      2       0.186918   0.126944   0.974139   0.000000   0.000000   0.000000
      3       0.367119   0.788690  -0.493144   0.000000   0.000000   0.000000
      4       0.480565  -0.817423  -0.317610   0.000000   0.000000   0.000000
      5       0.411419  -0.403242   0.388316   0.031681   0.304912  -0.215712
      6       0.548888  -0.051677  -0.454729  -0.074571   0.045776   0.364487
      7       0.371964   0.517358   0.323607   0.044344  -0.336695  -0.158672
      8      -0.450725   0.466254  -0.443328   0.000000   0.000000   0.000000
      9      -0.566720   0.020794   0.541750   0.000000   0.000000   0.000000
     10      -0.370154  -0.611379  -0.322960   0.000000   0.000000   0.000000
     11      -0.031681  -0.304911   0.215713  -0.466847   0.428659  -0.419499
     12      -0.130970  -0.222656   0.697018   0.152498  -0.344204  -0.698354
     13      -0.030680   0.742558   0.014154   0.129714  -0.563471  -0.543223
     14       0.089603  -0.288190  -0.394201   0.107236  -0.344906  -0.471776
                  6          7          8          9         10         11    
      0       0.000000   0.000000   0.000000   0.000000   0.000000   0.000000
      1       0.391876   0.782871  -0.483266   0.000000   0.000000   0.000000
      2       0.000000   0.000000   0.000000  -0.186918  -0.126944  -0.974139
      3       0.000000   0.000000   0.000000   0.000000   0.000000   0.000000
      4       0.000000   0.000000   0.000000   0.000000   0.000000   0.000000
      5       0.000000   0.000000   0.000000   0.000000   0.000000   0.000000
      6       0.000000   0.000000   0.000000  -0.474317   0.005901   0.090243
      7       0.000000   0.000000   0.000000   0.000000   0.000000   0.000000
      8       0.000000   0.000000   0.000000   0.276058  -0.396163  -0.001344
      9       0.000000   0.000000   0.000000   0.000000   0.000000   0.000000
     10       0.000000   0.000000   0.000000   0.216161   0.420893  -0.096325
     11       0.498528  -0.123747   0.203786   0.000000   0.000000   0.000000
     12      -0.105200   0.338359   0.462822   0.000000   0.000000   0.000000
     13      -0.105200   0.338359   0.462822   0.006166  -0.517446   0.066247
     14      -0.105200   0.338359   0.462822   0.000000   0.000000   0.000000
                 12         13         14         15         16         17    
      0       0.000000   0.000000   0.000000   0.000000   0.000000   0.000000
      1       0.000000   0.000000   0.000000   0.000000   0.000000   0.000000
      2       0.000000   0.000000   0.000000   0.000000   0.000000   0.000000
      3      -0.367119  -0.788690   0.493144   0.000000   0.000000   0.000000
      4       0.000000   0.000000   0.000000  -0.480565   0.817423   0.317610
      5      -0.443100   0.098330  -0.172604   0.000000   0.000000   0.000000
      6       0.000000   0.000000   0.000000   0.000000   0.000000   0.000000
      7       0.000000   0.000000   0.000000  -0.416308  -0.180663  -0.164935
      8       0.000000   0.000000   0.000000   0.174667  -0.070090   0.444672
      9       0.304056  -0.292129  -0.240851   0.262663   0.271335  -0.300899
     10       0.153993   0.190486   0.419285   0.000000   0.000000   0.000000
     11       0.000000   0.000000   0.000000   0.000000   0.000000   0.000000
     12       0.000000   0.000000   0.000000   0.083672   0.228502  -0.461486
     13       0.000000   0.000000   0.000000   0.000000   0.000000   0.000000
     14      -0.091638   0.294737   0.403156   0.000000   0.000000   0.000000

