
$orca_opt_file

$trust
    0.300000000000

$epredict
    0.000000000000

$ediffsc
  1000.000000000000

$ctyp
  3

$coordinates
 2 18
   5.69054742  -2.23157192   1.13098597   8.30417284  -2.12752171   1.65416610
   9.01814350  -0.71624778   0.77949880   5.30339167  -2.49248263  -0.88694296
   4.93526924  -3.85554209   2.14653614   4.69863018  -0.53625892   1.78826674

   5.69045522  -2.23184091   1.13110328   8.30404615  -2.12841112   1.65451304
   9.01824556  -0.71515484   0.77889531   5.30376021  -2.49240516  -0.88689801
   4.93476377  -3.85553279   2.14662053   4.69888395  -0.53628023   1.78827664


$constraints
 1
   1.95526003


# redundant internal coordinates
#  nbonds nangles ndihedrals nimpropers ncartesians
# bond  definitions A B
# angle definitions A B C
# dihedral definitions A B C D
# improper torsion definitions A B C D
# cartesian definitions A x/y/z
$redundant_internals
 5 7 3 0 0
   1   0   0
   2   1   0
   3   0   0
   4   0   0
   5   0   0
   1   0   4   0   0
   1   0   3   0   0
   1   0   5   0  -1
   3   0   5   0   0
   4   0   5   0   0
   3   0   4   0   0
   0   1   2   0   0
   2   1   0   5   0
   2   1   0   3   0
   2   1   0   4   0
$energies
 2
 -115.7380486104865867
 -115.7380498539846769

$gradients
 2 18
  -0.0002421846608639  -0.0004137948543514  -0.0002138605263457   0.0003062629495515
   0.0012323314988314  -0.0004674364200648  -0.0003336299931764  -0.0008936572866064
   0.0005691742040900  -0.0000458628407776  -0.0000259342588582  -0.0000090141366825
  -0.0000223679595321  -0.0000406542862438  -0.0000198893146868   0.0003377825051148
   0.0001417091876104   0.0001410261946287
  -0.0002424040776615  -0.0004410785682865  -0.0002126360023256  -0.0001605796924376
   0.0003084057447535   0.0000913994918108   0.0000856710576650   0.0000093498874869
   0.0000020527555680  -0.0000188711624212  -0.0000089236140028   0.0000025651471022
  -0.0000053067517096  -0.0000108114692685  -0.0000222637482855   0.0003414906253109
   0.0001430580184376   0.0001388823561349

$redundant_coords
 2 15
   2.6675047698202352   1.8073436588310907   2.0712317971756806   2.0588993110536737
   2.0712324819131216   1.8686318330457947   1.9596653846845800   1.9552600255826356
   1.8994412941260796   1.8895629870280979   1.8887542071778063   1.8992715017753259
  -1.0750751901450930   1.0685935886778137   3.1391166150450651
   2.6674919003835562   1.8094420486164262   2.0711726076834212   2.0588152309587646
   2.0712354848525463   1.8686080912417422   1.9595002942677173   1.9552600280998593
   1.8994256200787700   1.8895544048459834   1.8889820763779051   1.8987038032142560
  -1.0747804173364475   1.0687446884342842   3.1394367545014932

$redundant_gradients
 2 15
   0.0000066527811644  -0.0011055806223650   0.0000208458941821   0.0000303305973031
  -0.0000010576017373   0.0000107686775718   0.0000527026626200   0.0000000000000000
  -0.0000088725936496  -0.0000016589653222  -0.0000567603935427   0.0002041411119173
  -0.0000130474465051   0.0000146058861748  -0.0000177817552570
  -0.0000423785928586   0.0000395155682098   0.0000023861210921  -0.0000006624273563
  -0.0000023227152752   0.0000094839975691   0.0000189547825423  -0.0000000000000000
  -0.0000032258065032   0.0000018257198338  -0.0000285770101694   0.0001384069847389
  -0.0000054736703545   0.0000044222618012  -0.0000136522659668

$hessian_approx
 18 18
                  0          1          2          3          4          5    
      0     180.371407 249.513530 155.519223  21.234762 -162.598867 -76.330140
      1     249.513530 347.990726 216.291444  30.286210 -226.321604 -106.084162
      2     155.519223 216.291444 135.611405  18.724332 -140.919693 -66.267531
      3      21.234762  30.286210  18.724332   3.337153 -19.558640  -9.218053
      4     -162.598867 -226.321604 -140.919693 -19.558640 147.798932  68.911230
      5     -76.330140 -106.084162 -66.267531  -9.218053  68.911230  32.718730
      6       0.003226  -0.057970   0.045312  -0.200135  -0.111453   0.043835
      7       0.024135   0.009964   0.011819  -0.186112  -0.342775   0.195298
      8      -0.017856  -0.016869   0.006949   0.098630   0.211101  -0.163105
      9      -0.160047  -0.003862  -0.047053   0.012745   0.000928  -0.062308
     10      -0.008797  -0.154251  -0.039756  -0.001648   0.019598   0.006836
     11      -0.035169  -0.024950  -0.337560  -0.002857  -0.001543   0.010214
     12      -0.176712  -0.068655   0.041160  -0.004881  -0.042557   0.031717
     13      -0.065784  -0.281219   0.084163   0.000874   0.015467  -0.010836
     14       0.030060   0.076467  -0.196859   0.001147  -0.007142   0.006825
     15     -201.272636 -279.669252 -174.282974 -24.379644 182.310589  85.534948
     16     -86.864216 -121.243616 -75.427977 -10.540685  78.830382  36.981635
     17     -79.166119 -110.241929 -68.816406  -9.603200  71.806048  33.694867
                  6          7          8          9         10         11    
      0       0.003226   0.024135  -0.017856  -0.160047  -0.008797  -0.035169
      1      -0.057970   0.009964  -0.016869  -0.003862  -0.154251  -0.024950
      2       0.045312   0.011819   0.006949  -0.047053  -0.039756  -0.337560
      3      -0.200135  -0.186112   0.098630   0.012745  -0.001648  -0.002857
      4      -0.111453  -0.342775   0.211101   0.000928   0.019598  -0.001543
      5       0.043835   0.195298  -0.163105  -0.062308   0.006836   0.010214
      6       0.198746   0.171244  -0.086809  -0.001285  -0.000025   0.000592
      7       0.171244   0.341985  -0.200304  -0.005790  -0.008463   0.001408
      8      -0.086809  -0.200304   0.151684   0.003884  -0.002006   0.000084
      9      -0.001285  -0.005790   0.003884   0.123462   0.001985   0.043457
     10      -0.000025  -0.008463  -0.002006   0.001985   0.107851   0.031079
     11       0.000592   0.001408   0.000084   0.043457   0.031079   0.339841
     12      -0.000057  -0.002919   0.000584   0.009437   0.018648  -0.004294
     13      -0.000766  -0.000841   0.004883   0.011588   0.022980  -0.005298
     14      -0.003669  -0.004290   0.008529   0.025943   0.050938  -0.011733
     15      -0.000494  -0.000559   0.001567   0.015688  -0.010164  -0.001727
     16      -0.001030   0.000130   0.003197  -0.004849   0.012283  -0.000695
     17       0.000739  -0.003931  -0.004142   0.036077  -0.047092  -0.000845
                 12         13         14         15         16         17    
      0      -0.176712  -0.065784   0.030060 -201.272636 -86.864216 -79.166119
      1      -0.068655  -0.281219   0.076467 -279.669252 -121.243616 -110.241929
      2       0.041160   0.084163  -0.196859 -174.282974 -75.427977 -68.816406
      3      -0.004881   0.000874   0.001147 -24.379644 -10.540685  -9.603200
      4      -0.042557   0.015467  -0.007142 182.310589  78.830382  71.806048
      5       0.031717  -0.010836   0.006825  85.534948  36.981635  33.694867
      6      -0.000057  -0.000766  -0.003669  -0.000494  -0.001030   0.000739
      7      -0.002919  -0.000841  -0.004290  -0.000559   0.000130  -0.003931
      8       0.000584   0.004883   0.008529   0.001567   0.003197  -0.004142
      9       0.009437   0.011588   0.025943   0.015688  -0.004849   0.036077
     10       0.018648   0.022980   0.050938  -0.010164   0.012283  -0.047092
     11      -0.004294  -0.005298  -0.011733  -0.001727  -0.000695  -0.000845
     12       0.149073   0.071682  -0.042637   0.023139   0.023801  -0.026530
     13       0.071682   0.264559  -0.100284  -0.017593  -0.020946   0.027373
     14      -0.042637  -0.100284   0.169155  -0.010845  -0.015690   0.024085
     15       0.023139  -0.017593  -0.010845 225.613946  97.386978  88.759031
     16       0.023801  -0.020946  -0.015690  97.386978  42.421767  38.459531
     17      -0.026530   0.027373   0.024085  88.759031  38.459531  35.102442

$bmatrix
 15 18
                  0          1          2          3          4          5    
      0      -0.979793  -0.038774  -0.196218   0.979793   0.038774   0.196218
      1       0.000000   0.000000   0.000000  -0.394707  -0.781045   0.483916
      2       0.186703   0.125805   0.974328   0.000000   0.000000   0.000000
      3       0.367052   0.788654  -0.493253   0.000000   0.000000   0.000000
      4       0.478734  -0.818623  -0.317286   0.000000   0.000000   0.000000
      5       0.411897  -0.402682   0.389237   0.031196   0.304806  -0.216005
      6       0.549073  -0.049657  -0.454862  -0.074794   0.045011   0.364579
      7       0.371793   0.517042   0.322248   0.044990  -0.336937  -0.158074
      8      -0.449002   0.467480  -0.443329   0.000000   0.000000   0.000000
      9      -0.566591   0.021765   0.542681   0.000000   0.000000   0.000000
     10      -0.370476  -0.611413  -0.323554   0.000000   0.000000   0.000000
     11      -0.031343  -0.304335   0.216646  -0.466414   0.428543  -0.422170
     12      -0.130777  -0.219370   0.696370   0.153511  -0.348184  -0.697736
     13      -0.032727   0.744177   0.016363   0.131414  -0.566723  -0.544212
     14       0.090166  -0.287670  -0.393387   0.108313  -0.347580  -0.472166
                  6          7          8          9         10         11    
      0       0.000000   0.000000   0.000000   0.000000   0.000000   0.000000
      1       0.394707   0.781045  -0.483916   0.000000   0.000000   0.000000
      2       0.000000   0.000000   0.000000  -0.186703  -0.125805  -0.974328
      3       0.000000   0.000000   0.000000   0.000000   0.000000   0.000000
      4       0.000000   0.000000   0.000000   0.000000   0.000000   0.000000
      5       0.000000   0.000000   0.000000   0.000000   0.000000   0.000000
      6       0.000000   0.000000   0.000000  -0.474279   0.004646   0.090283
      7       0.000000   0.000000   0.000000   0.000000   0.000000   0.000000
      8       0.000000   0.000000   0.000000   0.274949  -0.396881  -0.001441
      9       0.000000   0.000000   0.000000   0.000000   0.000000   0.000000
     10       0.000000   0.000000   0.000000   0.216276   0.420906  -0.095791
     11       0.497757  -0.124207   0.205524   0.000000   0.000000   0.000000
     12      -0.106069   0.340116   0.462435   0.000000   0.000000   0.000000
     13      -0.106069   0.340116   0.462435   0.007382  -0.517570   0.065414
     14      -0.106069   0.340116   0.462435   0.000000   0.000000   0.000000
                 12         13         14         15         16         17    
      0       0.000000   0.000000   0.000000   0.000000   0.000000   0.000000
      1       0.000000   0.000000   0.000000   0.000000   0.000000   0.000000
      2       0.000000   0.000000   0.000000   0.000000   0.000000   0.000000
      3      -0.367052  -0.788654   0.493253   0.000000   0.000000   0.000000
      4       0.000000   0.000000   0.000000  -0.478734   0.818623   0.317286
      5      -0.443093   0.097877  -0.173232   0.000000   0.000000   0.000000
      6       0.000000   0.000000   0.000000   0.000000   0.000000   0.000000
      7       0.000000   0.000000   0.000000  -0.416783  -0.180105  -0.164174
      8       0.000000   0.000000   0.000000   0.174053  -0.070599   0.444770
      9       0.303699  -0.292296  -0.241350   0.262892   0.270531  -0.301331
     10       0.154200   0.190507   0.419345   0.000000   0.000000   0.000000
     11       0.000000   0.000000   0.000000   0.000000   0.000000   0.000000
     12       0.000000   0.000000   0.000000   0.083335   0.227438  -0.461069
     13       0.000000   0.000000   0.000000   0.000000   0.000000   0.000000
     14      -0.092410   0.295133   0.403117   0.000000   0.000000   0.000000

