
$orca_opt_file

$trust
    0.300000000000

$epredict
    0.000000000000

$ediffsc
  1000.000000000000

$ctyp
  3

$coordinates
 1 18
   5.69017326  -2.23231081   1.13144140   8.30435614  -2.13244445   1.65265810
   9.01851577  -0.71550890   0.77904338   5.30301940  -2.49322151  -0.88648754
   4.93489697  -3.85628097   2.14699345   4.69513796  -0.53834896   1.78749195


$constraints
 1
   1.81133460


# redundant internal coordinates
#  nbonds nangles ndihedrals nimpropers ncartesians
# bond  definitions A B
# angle definitions A B C
# dihedral definitions A B C D
# improper torsion definitions A B C D
# cartesian definitions A x/y/z
$redundant_internals
 5 7 3 0 0
   1   0   0
   2   1  -1
   3   0   0
   4   0   0
   5   0   0
   1   0   4   0   0
   1   0   3   0   0
   1   0   5   0   0
   3   0   5   0   0
   4   0   5   0   0
   3   0   4   0   0
   0   1   2   0   0
   2   1   0   5   0
   2   1   0   3   0
   2   1   0   4   0
$energies
 1
 -115.7380503481245171

$gradients
 1 18
  -0.0000970181811991   0.0000096450551873  -0.0000286417922058  -0.0003919269853012
  -0.0008192811055719   0.0005082735748682   0.0004237442573070   0.0008132681360897
  -0.0004999096968960   0.0000133516049558   0.0000054264240656  -0.0000002531456090
   0.0000358846595823  -0.0000111279731298   0.0000113312588392   0.0000159646423361
   0.0000020694622678   0.0000091998006895

$redundant_coords
 1 15
   2.6675067547751152   1.8113345970169481   2.0712314439478954   2.0588995499416574
   2.0712325555850049   1.8677964188214364   1.9587180938813611   1.9587500314292083
   1.8984464597678405   1.8887483429924301   1.8887556994844679   1.8980436447916331
  -1.0721633263618200   1.0721050783649499   3.1415589054971549

$redundant_gradients
 1 15
   0.0000329270685156   0.0000000000000000  -0.0000026884366765   0.0000010552741482
  -0.0000030940466135  -0.0000516856780370  -0.0000090548112686  -0.0000092394833813
   0.0000191742419611   0.0000264657721769   0.0000261423718599   0.0000247472108092
  -0.0000064590849588   0.0000050332791024  -0.0000008567137620

$hessian_approx
 18 18
                  0          1          2          3          4          5    
      0       1.037592  -0.002784   0.052867  -0.495377  -0.014445  -0.075230
      1      -0.002784   0.832568  -0.014253   0.037521  -0.154687   0.035385
      2       0.052867  -0.014253   0.836375  -0.113225   0.023573  -0.160924
      3      -0.495377   0.037521  -0.113225 156.029370 308.364528 -190.008850
      4      -0.014445  -0.154687   0.023573 308.364528 612.081177 -377.332414
      5      -0.075230   0.035385  -0.160924 -190.008850 -377.332414 232.791463
      6      -0.005443  -0.054999   0.037838 -155.535035 -308.344340 190.088207
      7       0.000883   0.015346  -0.007368 -308.400222 -611.959780 377.294244
      8      -0.003018  -0.020070   0.018982 190.129063 377.306946 -232.665231
      9      -0.159523  -0.001241  -0.046563   0.011982  -0.007358  -0.058685
     10      -0.000658  -0.141824  -0.032951  -0.001560   0.006264   0.006626
     11      -0.036879  -0.026961  -0.338993  -0.002097   0.000602   0.010402
     12      -0.177423  -0.068477   0.040796  -0.004941  -0.045323   0.033467
     13      -0.062482  -0.275255   0.087123   0.001720   0.008034  -0.010166
     14       0.036413   0.085760  -0.191073  -0.000925  -0.020859   0.008634
     15      -0.199824   0.089980   0.028287  -0.005998   0.046938   0.021090
     16       0.079487  -0.276149  -0.056124  -0.001987   0.018992   0.006325
     17       0.025847  -0.059860  -0.164367  -0.003968   0.022153   0.015656
                  6          7          8          9         10         11    
      0      -0.005443   0.000883  -0.003018  -0.159523  -0.000658  -0.036879
      1      -0.054999   0.015346  -0.020070  -0.001241  -0.141824  -0.026961
      2       0.037838  -0.007368   0.018982  -0.046563  -0.032951  -0.338993
      3     -155.535035 -308.400222 190.129063   0.011982  -0.001560  -0.002097
      4     -308.344340 -611.959780 377.306946  -0.007358   0.006264   0.000602
      5     190.088207 377.294244 -232.665231  -0.058685   0.006626   0.010402
      6     155.540475 308.399351 -190.126030  -0.000015   0.001153  -0.000146
      7     308.399351 611.944396 -377.286927   0.000048  -0.003708   0.000470
      8     -190.126030 -377.286927 232.646178   0.000066  -0.005072   0.000643
      9      -0.000015   0.000048   0.000066   0.124027   0.002184   0.043492
     10       0.001153  -0.003708  -0.005072   0.002184   0.108010   0.031152
     11      -0.000146   0.000470   0.000643   0.043492   0.031152   0.339815
     12       0.000204  -0.000657  -0.000899   0.009664   0.018819  -0.004287
     13      -0.000657   0.002113   0.002890   0.011938   0.023246  -0.005296
     14      -0.000899   0.002891   0.003954   0.026277   0.051169  -0.011657
     15      -0.000186   0.000597   0.000817   0.013865  -0.019937  -0.000082
     16      -0.000508   0.001633   0.002233  -0.005571   0.008011   0.000033
     17       0.001029  -0.003309  -0.004526   0.035414  -0.050925  -0.000210
                 12         13         14         15         16         17    
      0      -0.177423  -0.062482   0.036413  -0.199824   0.079487   0.025847
      1      -0.068477  -0.275255   0.085760   0.089980  -0.276149  -0.059860
      2       0.040796   0.087123  -0.191073   0.028287  -0.056124  -0.164367
      3      -0.004941   0.001720  -0.000925  -0.005998  -0.001987  -0.003968
      4      -0.045323   0.008034  -0.020859   0.046938   0.018992   0.022153
      5       0.033467  -0.010166   0.008634   0.021090   0.006325   0.015656
      6       0.000204  -0.000657  -0.000899  -0.000186  -0.000508   0.001029
      7      -0.000657   0.002113   0.002891   0.000597   0.001633  -0.003309
      8      -0.000899   0.002890   0.003954   0.000817   0.002233  -0.004526
      9       0.009664   0.011938   0.026277   0.013865  -0.005571   0.035414
     10       0.018819   0.023246   0.051169  -0.019937   0.008011  -0.050925
     11      -0.004287  -0.005296  -0.011657  -0.000082   0.000033  -0.000210
     12       0.149314   0.071736  -0.042521   0.023182   0.023902  -0.026556
     13       0.071736   0.264806  -0.100045  -0.022254  -0.022945   0.025493
     14      -0.042521  -0.100045   0.169127  -0.018346  -0.018916   0.021016
     15       0.023182  -0.022254  -0.018346   0.168961  -0.095324  -0.031766
     16       0.023902  -0.022945  -0.018916  -0.095324   0.270458   0.066449
     17      -0.026556   0.025493   0.021016  -0.031766   0.066449   0.132432

$bmatrix
 15 18
                  0          1          2          3          4          5    
      0      -0.980010  -0.037438  -0.195395   0.980010   0.037438   0.195395
      1       0.000000   0.000000   0.000000  -0.394273  -0.782261   0.482304
      2       0.186920   0.125969   0.974265   0.000000   0.000000   0.000000
      3       0.366835   0.788756  -0.493250   0.000000   0.000000   0.000000
      4       0.480407  -0.817852  -0.316744   0.000000   0.000000   0.000000
      5       0.411875  -0.403165   0.388364   0.031376   0.304934  -0.215795
      6       0.548682  -0.050605  -0.454919  -0.074428   0.045279   0.364619
      7       0.371936   0.517840   0.322615   0.044416  -0.336947  -0.158209
      8      -0.449804   0.466356  -0.443194   0.000000   0.000000   0.000000
      9      -0.567075   0.021151   0.541846   0.000000   0.000000   0.000000
     10      -0.370375  -0.611426  -0.323423   0.000000   0.000000   0.000000
     11      -0.031379  -0.304926   0.215805  -0.466098   0.429698  -0.420110
     12      -0.130810  -0.220823   0.698395   0.152678  -0.345412  -0.699582
     13      -0.031613   0.743201   0.016157   0.130156  -0.564278  -0.544686
     14       0.089416  -0.287575  -0.393370   0.107485  -0.345720  -0.472856
                  6          7          8          9         10         11    
      0       0.000000   0.000000   0.000000   0.000000   0.000000   0.000000
      1       0.394273   0.782261  -0.482304   0.000000   0.000000   0.000000
      2       0.000000   0.000000   0.000000  -0.186920  -0.125969  -0.974265
      3       0.000000   0.000000   0.000000   0.000000   0.000000   0.000000
      4       0.000000   0.000000   0.000000   0.000000   0.000000   0.000000
      5       0.000000   0.000000   0.000000   0.000000   0.000000   0.000000
      6       0.000000   0.000000   0.000000  -0.474255   0.005326   0.090301
      7       0.000000   0.000000   0.000000   0.000000   0.000000   0.000000
      8       0.000000   0.000000   0.000000   0.275650  -0.396377  -0.001635
      9       0.000000   0.000000   0.000000   0.000000   0.000000   0.000000
     10       0.000000   0.000000   0.000000   0.216158   0.420928  -0.095896
     11       0.497476  -0.124772   0.204305   0.000000   0.000000   0.000000
     12      -0.105226   0.338448   0.462917   0.000000   0.000000   0.000000
     13      -0.105226   0.338448   0.462917   0.006683  -0.517371   0.065612
     14      -0.105226   0.338448   0.462917   0.000000   0.000000   0.000000
                 12         13         14         15         16         17    
      0       0.000000   0.000000   0.000000   0.000000   0.000000   0.000000
      1       0.000000   0.000000   0.000000   0.000000   0.000000   0.000000
      2       0.000000   0.000000   0.000000   0.000000   0.000000   0.000000
      3      -0.366835  -0.788756   0.493250   0.000000   0.000000   0.000000
      4       0.000000   0.000000   0.000000  -0.480407   0.817852   0.316744
      5      -0.443251   0.098231  -0.172569   0.000000   0.000000   0.000000
      6       0.000000   0.000000   0.000000   0.000000   0.000000   0.000000
      7       0.000000   0.000000   0.000000  -0.416351  -0.180893  -0.164406
      8       0.000000   0.000000   0.000000   0.174154  -0.069979   0.444830
      9       0.304283  -0.292105  -0.240806   0.262792   0.270953  -0.301040
     10       0.154217   0.190498   0.419319   0.000000   0.000000   0.000000
     11       0.000000   0.000000   0.000000   0.000000   0.000000   0.000000
     12       0.000000   0.000000   0.000000   0.083358   0.227787  -0.461729
     13       0.000000   0.000000   0.000000   0.000000   0.000000   0.000000
     14      -0.091676   0.294847   0.403309   0.000000   0.000000   0.000000

