
$orca_opt_file

$trust
    0.300000000000

$epredict
    0.000000000000

$ediffsc
  1000.000000000000

$ctyp
  3

$coordinates
 1 18
   5.69036223  -2.23157948   1.13094818   8.30491361  -2.13169801   1.65223858
   9.01832869  -0.71624022   0.77953660   5.30320648  -2.49249019  -0.88697887
   4.93508405  -3.85554965   2.14650023   4.69532505  -0.53761764   1.78699873


$constraints
 1
   2.66788285


# redundant internal coordinates
#  nbonds nangles ndihedrals nimpropers ncartesians
# bond  definitions A B
# angle definitions A B C
# dihedral definitions A B C D
# improper torsion definitions A B C D
# cartesian definitions A x/y/z
$redundant_internals
 5 7 3 0 0
   1   0  -1
   2   1   0
   3   0   0
   4   0   0
   5   0   0
   1   0   4   0   0
   1   0   3   0   0
   1   0   5   0   0
   3   0   5   0   0
   4   0   5   0   0
   3   0   4   0   0
   0   1   2   0   0
   2   1   0   5   0
   2   1   0   3   0
   2   1   0   4   0
$energies
 1
 -115.7380513205267931

$gradients
 1 18
  -0.0001999003131674   0.0000219520777434  -0.0000618799222821   0.0001627670014289
  -0.0000183564333724   0.0000488177468027   0.0000092732530923   0.0000071224490732
  -0.0000047167905957  -0.0000015725831579   0.0000036130895870  -0.0000034777437522
   0.0000290288115267  -0.0000163194360276   0.0000135604187846   0.0000004038294371
   0.0000019882529760   0.0000076962914115

$redundant_coords
 1 15
   2.6678828515064499   1.8094448251768311   2.0712299560814302   2.0589002431599814
   2.0712334634239493   1.8677975244446992   1.9587192910922240   1.9587504315224100
   1.8984456066702782   1.8887472713757660   1.8887548183584850   1.8980443766647914
  -1.0721628235299407   1.0721056577252521   3.1415597905371708

$redundant_gradients
 1 15
  -0.0000000000000000   0.0000109347892101   0.0000034710355647   0.0000087655866373
   0.0000038374118584  -0.0000531936180122   0.0000077333621678   0.0000074169311789
   0.0000060388243566   0.0000162484350824   0.0000158907163617   0.0000101770736524
  -0.0000103644946414   0.0000089474859841  -0.0000008357538190

$hessian_approx
 18 18
                  0          1          2          3          4          5    
      0     960.960324  36.668330 191.442697 -960.418126 -36.685561 -191.465055
      1      36.668330   2.233420   7.297243 -36.633516  -1.555585  -7.276077
      2     191.442697   7.297243  38.995696 -191.503108  -7.287908 -38.320292
      3     -960.418126 -36.633516 -191.503108 960.583015  36.773440 191.440776
      4     -36.685561  -1.555585  -7.287908  36.773440   1.871688   7.068771
      5     -191.465055  -7.276077 -38.320292 191.440776   7.068771  38.455394
      6      -0.005451  -0.055075   0.037893  -0.165930  -0.082137   0.028406
      7       0.000885   0.015364  -0.007383  -0.138098  -0.349382   0.204521
      8      -0.003021  -0.020103   0.019002   0.069319   0.217242  -0.169782
      9      -0.159511  -0.001243  -0.046581   0.011979  -0.007356  -0.058670
     10      -0.000659  -0.141811  -0.032950  -0.001559   0.006258   0.006622
     11      -0.036881  -0.026963  -0.338991  -0.002097   0.000602   0.010400
     12      -0.177416  -0.068492   0.040806  -0.004940  -0.045311   0.033458
     13      -0.062485  -0.275248   0.087124   0.001719   0.008033  -0.010162
     14       0.036414   0.085758  -0.191063  -0.000924  -0.020853   0.008632
     15      -0.199819   0.089996   0.028294  -0.005997   0.046925   0.021086
     16       0.079491  -0.276140  -0.056126  -0.001987   0.018987   0.006326
     17       0.025847  -0.059857  -0.164353  -0.003966   0.022146   0.015648
                  6          7          8          9         10         11    
      0      -0.005451   0.000885  -0.003021  -0.159511  -0.000659  -0.036881
      1      -0.055075   0.015364  -0.020103  -0.001243  -0.141811  -0.026963
      2       0.037893  -0.007383   0.019002  -0.046581  -0.032950  -0.338991
      3      -0.165930  -0.138098   0.069319   0.011979  -0.001559  -0.002097
      4      -0.082137  -0.349382   0.217242  -0.007356   0.006258   0.000602
      5       0.028406   0.204521  -0.169782  -0.058670   0.006622   0.010400
      6       0.171378   0.137224  -0.066283  -0.000015   0.001152  -0.000146
      7       0.137224   0.333980  -0.197190   0.000048  -0.003706   0.000470
      8      -0.066283  -0.197190   0.150709   0.000065  -0.005069   0.000643
      9      -0.000015   0.000048   0.000065   0.124019   0.002185   0.043494
     10       0.001152  -0.003706  -0.005069   0.002185   0.108001   0.031153
     11      -0.000146   0.000470   0.000643   0.043494   0.031153   0.339815
     12       0.000204  -0.000657  -0.000898   0.009664   0.018819  -0.004287
     13      -0.000657   0.002112   0.002889   0.011938   0.023246  -0.005296
     14      -0.000898   0.002889   0.003952   0.026277   0.051169  -0.011657
     15      -0.000186   0.000597   0.000817   0.013865  -0.019937  -0.000082
     16      -0.000507   0.001632   0.002232  -0.005571   0.008011   0.000033
     17       0.001028  -0.003308  -0.004524   0.035414  -0.050925  -0.000210
                 12         13         14         15         16         17    
      0      -0.177416  -0.062485   0.036414  -0.199819   0.079491   0.025847
      1      -0.068492  -0.275248   0.085758   0.089996  -0.276140  -0.059857
      2       0.040806   0.087124  -0.191063   0.028294  -0.056126  -0.164353
      3      -0.004940   0.001719  -0.000924  -0.005997  -0.001987  -0.003966
      4      -0.045311   0.008033  -0.020853   0.046925   0.018987   0.022146
      5       0.033458  -0.010162   0.008632   0.021086   0.006326   0.015648
      6       0.000204  -0.000657  -0.000898  -0.000186  -0.000507   0.001028
      7      -0.000657   0.002112   0.002889   0.000597   0.001632  -0.003308
      8      -0.000898   0.002889   0.003952   0.000817   0.002232  -0.004524
      9       0.009664   0.011938   0.026277   0.013865  -0.005571   0.035414
     10       0.018819   0.023246   0.051169  -0.019937   0.008011  -0.050925
     11      -0.004287  -0.005296  -0.011657  -0.000082   0.000033  -0.000210
     12       0.149306   0.071739  -0.042522   0.023182   0.023902  -0.026556
     13       0.071739   0.264802  -0.100048  -0.022254  -0.022945   0.025493
     14      -0.042522  -0.100048   0.169121  -0.018346  -0.018916   0.021016
     15       0.023182  -0.022254  -0.018346   0.168954  -0.095327  -0.031768
     16       0.023902  -0.022945  -0.018916  -0.095327   0.270455   0.066451
     17      -0.026556   0.025493   0.021016  -0.031768   0.066451   0.132424

$bmatrix
 15 18
                  0          1          2          3          4          5    
      0      -0.980010  -0.037438  -0.195395   0.980010   0.037438   0.195395
      1       0.000000   0.000000   0.000000  -0.394273  -0.782261   0.482304
      2       0.186921   0.125969   0.974265   0.000000   0.000000   0.000000
      3       0.366836   0.788756  -0.493250   0.000000   0.000000   0.000000
      4       0.480408  -0.817852  -0.316744   0.000000   0.000000   0.000000
      5       0.411879  -0.403122   0.388334   0.031372   0.304890  -0.215765
      6       0.548672  -0.050598  -0.454868  -0.074417   0.045272   0.364567
      7       0.371941   0.517793   0.322593   0.044410  -0.336900  -0.158187
      8      -0.449805   0.466355  -0.443194   0.000000   0.000000   0.000000
      9      -0.567075   0.021151   0.541845   0.000000   0.000000   0.000000
     10      -0.370376  -0.611425  -0.323423   0.000000   0.000000   0.000000
     11      -0.031374  -0.304883   0.215775  -0.466622   0.429786  -0.420293
     12      -0.130804  -0.220824   0.698362   0.152782  -0.345764  -0.700033
     13      -0.031610   0.743170   0.016146   0.130263  -0.564600  -0.545158
     14       0.089417  -0.287576  -0.393371   0.107595  -0.346072  -0.473339
                  6          7          8          9         10         11    
      0       0.000000   0.000000   0.000000   0.000000   0.000000   0.000000
      1       0.394273   0.782261  -0.482304   0.000000   0.000000   0.000000
      2       0.000000   0.000000   0.000000  -0.186921  -0.125969  -0.974265
      3       0.000000   0.000000   0.000000   0.000000   0.000000   0.000000
      4       0.000000   0.000000   0.000000   0.000000   0.000000   0.000000
      5       0.000000   0.000000   0.000000   0.000000   0.000000   0.000000
      6       0.000000   0.000000   0.000000  -0.474255   0.005326   0.090301
      7       0.000000   0.000000   0.000000   0.000000   0.000000   0.000000
      8       0.000000   0.000000   0.000000   0.275650  -0.396377  -0.001636
      9       0.000000   0.000000   0.000000   0.000000   0.000000   0.000000
     10       0.000000   0.000000   0.000000   0.216158   0.420928  -0.095896
     11       0.497996  -0.124902   0.204518   0.000000   0.000000   0.000000
     12      -0.105336   0.338801   0.463401   0.000000   0.000000   0.000000
     13      -0.105336   0.338801   0.463401   0.006683  -0.517372   0.065612
     14      -0.105336   0.338801   0.463401   0.000000   0.000000   0.000000
                 12         13         14         15         16         17    
      0       0.000000   0.000000   0.000000   0.000000   0.000000   0.000000
      1       0.000000   0.000000   0.000000   0.000000   0.000000   0.000000
      2       0.000000   0.000000   0.000000   0.000000   0.000000   0.000000
      3      -0.366836  -0.788756   0.493250   0.000000   0.000000   0.000000
      4       0.000000   0.000000   0.000000  -0.480408   0.817852   0.316744
      5      -0.443251   0.098232  -0.172569   0.000000   0.000000   0.000000
      6       0.000000   0.000000   0.000000   0.000000   0.000000   0.000000
      7       0.000000   0.000000   0.000000  -0.416351  -0.180893  -0.164406
      8       0.000000   0.000000   0.000000   0.174154  -0.069978   0.444829
      9       0.304284  -0.292105  -0.240805   0.262792   0.270953  -0.301039
     10       0.154218   0.190498   0.419319   0.000000   0.000000   0.000000
     11       0.000000   0.000000   0.000000   0.000000   0.000000   0.000000
     12       0.000000   0.000000   0.000000   0.083358   0.227787  -0.461729
     13       0.000000   0.000000   0.000000   0.000000   0.000000   0.000000
     14      -0.091676   0.294847   0.403309   0.000000   0.000000   0.000000

