
$orca_opt_file

$trust
    0.300000000000

$epredict
    0.000000000000

$ediffsc
  1000.000000000000

$ctyp
  3

$coordinates
 1 18
   5.69054742  -2.23157192   1.13098597   8.30472842  -2.13170557   1.65220268
   9.01814350  -0.71624778   0.77949880   5.30339167  -2.49248263  -0.88694296
   4.94090441  -3.86092970   2.14207260   4.70043865  -0.53255506   1.78139569


$constraints
 1
   1.89747396


# redundant internal coordinates
#  nbonds nangles ndihedrals nimpropers ncartesians
# bond  definitions A B
# angle definitions A B C
# dihedral definitions A B C D
# improper torsion definitions A B C D
# cartesian definitions A x/y/z
$redundant_internals
 5 7 3 0 0
   1   0   0
   2   1   0
   3   0   0
   4   0   0
   5   0   0
   1   0   4   0   0
   1   0   3   0   0
   1   0   5   0   0
   3   0   5   0   0
   4   0   5   0  -1
   3   0   4   0   0
   0   1   2   0   0
   2   1   0   5   0
   2   1   0   3   0
   2   1   0   4   0
$energies
 1
 -115.7380446026088521

$gradients
 1 18
  -0.0005499066471280   0.0000455316111068   0.0004332916915157  -0.0002108219968700
  -0.0000612860686357   0.0001128861001047  -0.0000334320508900   0.0000195296314640
  -0.0000125532221719  -0.0000806104588545   0.0000155237761996   0.0001271508890734
   0.0004927181812154  -0.0005062698312932  -0.0002772597206740   0.0003820529747666
   0.0004869708809072  -0.0003835157370743

$redundant_coords
 1 15
   2.6675049028249234   1.8094457365995493   2.0712317971756806   2.0588996079027453
   2.0712330863647304   1.8655386289806932   1.9587191307408331   1.9567087196055966
   1.8964384110589985   1.8974739615402947   1.8867228232337665   1.8980436628938084
  -1.0680003554616075   1.0721048645581432   3.1376555257152958

$redundant_gradients
 1 15
  -0.0002209834658556   0.0000075559727681  -0.0001105109115189   0.0000849363705834
   0.0000963676447638  -0.0001381775070640   0.0002085670864620  -0.0000761406343475
  -0.0000069783235419   0.0000000000000000   0.0000087792560235  -0.0000697219349634
  -0.0000692349704142   0.0000200246925801   0.0000618664698974

$hessian_approx
 18 18
                  0          1          2          3          4          5    
      0     513.808404 -19.117472 -489.976402  -0.498735  -0.014990  -0.058242
      1     -19.117472   1.548428  18.251840   0.037742  -0.155034   0.034832
      2     -489.976402  18.251840 469.129862  -0.110241   0.024216  -0.176362
      3      -0.498735   0.037742  -0.110241   0.660256   0.102302   0.051021
      4      -0.014990  -0.155034   0.024216   0.102302   0.471200  -0.242766
      5      -0.058242   0.034832  -0.176362   0.051021  -0.242766   0.295763
      6      -0.005452  -0.055103   0.037903  -0.165941  -0.082111   0.028397
      7       0.000883   0.015412  -0.007384  -0.138090  -0.349412   0.204506
      8      -0.003024  -0.020048   0.019008   0.069322   0.217211  -0.169814
      9      -0.157510  -0.001171  -0.047521   0.011982  -0.007358  -0.058685
     10      -0.001542  -0.142228  -0.031977  -0.001562   0.006268   0.006631
     11      -0.037151  -0.026922  -0.338935  -0.002097   0.000601   0.010402
     12     -275.156429  10.182495 262.823845  -0.003128  -0.045200   0.024351
     13     261.747531 -10.035934 -250.110495   0.000009   0.007726  -0.001525
     14     218.064103  -8.041972 -208.548056  -0.002305  -0.021061   0.015596
     15     -237.990278   8.953511 227.272415  -0.004433   0.047357   0.013159
     16     -242.614411   8.769356 231.873800  -0.000401   0.019252  -0.001678
     17     272.010716 -10.197730 -260.085517  -0.005701   0.021799   0.024415
                  6          7          8          9         10         11    
      0      -0.005452   0.000883  -0.003024  -0.157510  -0.001542  -0.037151
      1      -0.055103   0.015412  -0.020048  -0.001171  -0.142228  -0.026922
      2       0.037903  -0.007384   0.019008  -0.047521  -0.031977  -0.338935
      3      -0.165941  -0.138090   0.069322   0.011982  -0.001562  -0.002097
      4      -0.082111  -0.349412   0.217211  -0.007358   0.006268   0.000601
      5       0.028397   0.204506  -0.169814  -0.058685   0.006631   0.010402
      6       0.171390   0.137218  -0.066283  -0.000015   0.001154  -0.000146
      7       0.137218   0.333991  -0.197176   0.000048  -0.003712   0.000471
      8      -0.066283  -0.197176   0.150732   0.000066  -0.005077   0.000644
      9      -0.000015   0.000048   0.000066   0.123562   0.002126   0.043588
     10       0.001154  -0.003712  -0.005077   0.002126   0.108487   0.031101
     11      -0.000146   0.000471   0.000644   0.043588   0.031101   0.339803
     12       0.000205  -0.000658  -0.000901   0.008856   0.019262  -0.004190
     13      -0.000654   0.002102   0.002876   0.012455   0.022751  -0.005331
     14      -0.000902   0.002900   0.003966   0.026638   0.050944  -0.011698
     15      -0.000186   0.000599   0.000820   0.013125  -0.019439  -0.000005
     16      -0.000503   0.001619   0.002214  -0.006100   0.008434   0.000080
     17       0.001031  -0.003317  -0.004536   0.035914  -0.051623  -0.000216
                 12         13         14         15         16         17    
      0     -275.156429 261.747531 218.064103 -237.990278 -242.614411 272.010716
      1      10.182495 -10.035934  -8.041972   8.953511   8.769356 -10.197730
      2     262.823845 -250.110495 -208.548056 227.272415 231.873800 -260.085517
      3      -0.003128   0.000009  -0.002305  -0.004433  -0.000401  -0.005701
      4      -0.045200   0.007726  -0.021061   0.047357   0.019252   0.021799
      5       0.024351  -0.001525   0.015596   0.013159  -0.001678   0.024415
      6       0.000205  -0.000654  -0.000902  -0.000186  -0.000503   0.001031
      7      -0.000658   0.002102   0.002900   0.000599   0.001619  -0.003317
      8      -0.000901   0.002876   0.003966   0.000820   0.002214  -0.004536
      9       0.008856   0.012455   0.026638   0.013125  -0.006100   0.035914
     10       0.019262   0.022751   0.050944  -0.019439   0.008434  -0.051623
     11      -0.004190  -0.005331  -0.011698  -0.000005   0.000080  -0.000216
     12     147.609327 -140.326649 -116.961724 127.541170 130.170751 -145.881382
     13     -140.326649 133.939686 111.219961 -121.432693 -123.936332 138.894515
     14     -116.961724 111.219961  92.872656 -101.125810 -103.210772 115.667535
     15     127.541170 -121.432693 -101.125810 110.440602 112.450664 -126.160579
     16     130.170751 -123.936332 -103.210772 112.450664 115.137671 -128.663644
     17     -145.881382 138.894515 115.667535 -126.160579 -128.663644 144.398318

$bmatrix
 15 18
                  0          1          2          3          4          5    
      0      -0.980010  -0.037438  -0.195395   0.980010   0.037438   0.195395
      1       0.000000   0.000000   0.000000  -0.394273  -0.782260   0.482305
      2       0.186921   0.125969   0.974265   0.000000   0.000000   0.000000
      3       0.364099   0.791373  -0.491081   0.000000   0.000000   0.000000
      4       0.478029  -0.820292  -0.314021   0.000000   0.000000   0.000000
      5       0.412640  -0.403466   0.386221   0.031112   0.305781  -0.214632
      6       0.548682  -0.050605  -0.454920  -0.074428   0.045279   0.364619
      7       0.372779   0.518042   0.320249   0.044166  -0.337626  -0.156826
      8      -0.447252   0.467009  -0.444087   0.000000   0.000000   0.000000
      9      -0.568860   0.021202   0.543552   0.000000   0.000000   0.000000
     10      -0.367759  -0.611861  -0.324184   0.000000   0.000000   0.000000
     11      -0.031379  -0.304926   0.215805  -0.466617   0.429829  -0.420324
     12      -0.130930  -0.217721   0.698399   0.152721  -0.346725  -0.699542
     13      -0.031613   0.743202   0.016157   0.130266  -0.564632  -0.545169
     14       0.089388  -0.284859  -0.393750   0.107725  -0.346972  -0.473819
                  6          7          8          9         10         11    
      0       0.000000   0.000000   0.000000   0.000000   0.000000   0.000000
      1       0.394273   0.782260  -0.482305   0.000000   0.000000   0.000000
      2       0.000000   0.000000   0.000000  -0.186921  -0.125969  -0.974265
      3       0.000000   0.000000   0.000000   0.000000   0.000000   0.000000
      4       0.000000   0.000000   0.000000   0.000000   0.000000   0.000000
      5       0.000000   0.000000   0.000000   0.000000   0.000000   0.000000
      6       0.000000   0.000000   0.000000  -0.474255   0.005326   0.090301
      7       0.000000   0.000000   0.000000   0.000000   0.000000   0.000000
      8       0.000000   0.000000   0.000000   0.274069  -0.397473  -0.001191
      9       0.000000   0.000000   0.000000   0.000000   0.000000   0.000000
     10       0.000000   0.000000   0.000000   0.214441   0.421853  -0.095686
     11       0.497996  -0.124902   0.204518   0.000000   0.000000   0.000000
     12      -0.105336   0.338802   0.463400   0.000000   0.000000   0.000000
     13      -0.105336   0.338802   0.463400   0.006683  -0.517371   0.065612
     14      -0.105336   0.338802   0.463400   0.000000   0.000000   0.000000
                 12         13         14         15         16         17    
      0       0.000000   0.000000   0.000000   0.000000   0.000000   0.000000
      1       0.000000   0.000000   0.000000   0.000000   0.000000   0.000000
      2       0.000000   0.000000   0.000000   0.000000   0.000000   0.000000
      3      -0.364099  -0.791373   0.491081   0.000000   0.000000   0.000000
      4       0.000000   0.000000   0.000000  -0.478029   0.820292   0.314021
      5      -0.443752   0.097685  -0.171589   0.000000   0.000000   0.000000
      6       0.000000   0.000000   0.000000   0.000000   0.000000   0.000000
      7       0.000000   0.000000   0.000000  -0.416945  -0.180415  -0.163423
      8       0.000000   0.000000   0.000000   0.173183  -0.069536   0.445278
      9       0.305058  -0.290430  -0.241849   0.263801   0.269228  -0.301703
     10       0.153319   0.190008   0.419871   0.000000   0.000000   0.000000
     11       0.000000   0.000000   0.000000   0.000000   0.000000   0.000000
     12       0.000000   0.000000   0.000000   0.083545   0.225645  -0.462257
     13       0.000000   0.000000   0.000000   0.000000   0.000000   0.000000
     14      -0.091778   0.293030   0.404169   0.000000   0.000000   0.000000

