
$orca_opt_file

$trust
    0.300000000000

$epredict
    0.000000000000

$ediffsc
  1000.000000000000

$ctyp
  3

$coordinates
 1 18
   5.69054742  -2.23157192   1.13098597   8.30472842  -2.13170557   1.65220268
   9.01814350  -0.71624778   0.77949880   5.30339167  -2.49248263  -0.88694296
   4.93864807  -3.85877730   2.14386028   4.69846577  -0.53457329   1.78365392


$constraints
 1
   1.89398305


# redundant internal coordinates
#  nbonds nangles ndihedrals nimpropers ncartesians
# bond  definitions A B
# angle definitions A B C
# dihedral definitions A B C D
# improper torsion definitions A B C D
# cartesian definitions A x/y/z
$redundant_internals
 5 7 3 0 0
   1   0   0
   2   1   0
   3   0   0
   4   0   0
   5   0   0
   1   0   4   0   0
   1   0   3   0   0
   1   0   5   0   0
   3   0   5   0   0
   4   0   5   0  -1
   3   0   4   0   0
   0   1   2   0   0
   2   1   0   5   0
   2   1   0   3   0
   2   1   0   4   0
$energies
 1
 -115.7380488616030760

$gradients
 1 18
  -0.0003678136745353   0.0000400690327569   0.0002415222687068  -0.0001131288713979
  -0.0000500165616519   0.0000798293894461  -0.0000198744905864   0.0000159315341419
  -0.0000111809212261  -0.0000446153070055   0.0000111510910961   0.0000763225658905
   0.0003116430818535  -0.0003105072603491  -0.0001600393069089   0.0002337892640288
   0.0002933721635542  -0.0002264539948498

$redundant_coords
 1 15
   2.6675049028249234   1.8094457365995493   2.0712317971756806   2.0588988200368021
   2.0712329221702608   1.8664430526693165   1.9587191307408331   1.9575258897564496
   1.8972422154613306   1.8939830526761627   1.8875360631274902   1.8980436628938084
  -1.0696650158678742   1.0721048645581432   3.1392162798525511

$redundant_gradients
 1 15
  -0.0001178642914751   0.0000094333006468  -0.0000671730455605   0.0000527076949423
   0.0000569984178605  -0.0001048622497362   0.0001251955203922  -0.0000432574604307
   0.0000033830676865   0.0000000000000000   0.0000167791187240  -0.0000452429597120
  -0.0000499781371211   0.0000155975023861   0.0000411158262628

$hessian_approx
 18 18
                  0          1          2          3          4          5    
      0     512.557931 -19.076558 -488.780069  -0.498721  -0.014999  -0.058313
      1     -19.076558   1.545801  18.213027   0.037739  -0.154906   0.034823
      2     -488.780069  18.213027 467.986460  -0.110187   0.024186  -0.176626
      3      -0.498721   0.037739  -0.110187   0.660261   0.102304   0.050995
      4      -0.014999  -0.154906   0.024186   0.102304   0.471057  -0.242750
      5      -0.058313   0.034823  -0.176626   0.050995  -0.242750   0.295892
      6      -0.005452  -0.055098   0.037903  -0.165941  -0.082113   0.028397
      7       0.000884   0.015396  -0.007383  -0.138090  -0.349407   0.204506
      8      -0.003023  -0.020071   0.019010   0.069322   0.217218  -0.169814
      9      -0.157813  -0.001218  -0.047618   0.011982  -0.007358  -0.058685
     10      -0.001569  -0.142053  -0.032003  -0.001562   0.006268   0.006631
     11      -0.037089  -0.026936  -0.338913  -0.002097   0.000601   0.010402
     12     -274.551209  10.162787 262.244980  -0.003139  -0.045128   0.024391
     13     262.039884 -10.049306 -250.389621   0.000008   0.007733  -0.001520
     14     217.429809  -8.020646 -207.941777  -0.002318  -0.021078   0.015664
     15     -237.344736   8.932349 226.654991  -0.004442   0.047293   0.013216
     16     -242.947642   8.785068 232.191794  -0.000399   0.019255  -0.001690
     17     271.448686 -10.180197 -259.548154  -0.005715   0.021822   0.024482
                  6          7          8          9         10         11    
      0      -0.005452   0.000884  -0.003023  -0.157813  -0.001569  -0.037089
      1      -0.055098   0.015396  -0.020071  -0.001218  -0.142053  -0.026936
      2       0.037903  -0.007383   0.019010  -0.047618  -0.032003  -0.338913
      3      -0.165941  -0.138090   0.069322   0.011982  -0.001562  -0.002097
      4      -0.082113  -0.349407   0.217218  -0.007358   0.006268   0.000601
      5       0.028397   0.204506  -0.169814  -0.058685   0.006631   0.010402
      6       0.171390   0.137218  -0.066283  -0.000015   0.001154  -0.000146
      7       0.137218   0.333991  -0.197176   0.000048  -0.003712   0.000471
      8      -0.066283  -0.197176   0.150732   0.000066  -0.005077   0.000644
      9      -0.000015   0.000048   0.000066   0.123748   0.002150   0.043550
     10       0.001154  -0.003712  -0.005077   0.002150   0.108297   0.031122
     11      -0.000146   0.000471   0.000644   0.043550   0.031122   0.339807
     12       0.000205  -0.000658  -0.000900   0.008910   0.019289  -0.004203
     13      -0.000655   0.002108   0.002883   0.012507   0.022753  -0.005341
     14      -0.000901   0.002897   0.003963   0.026707   0.050873  -0.011702
     15      -0.000186   0.000599   0.000819   0.013188  -0.019462  -0.000014
     16      -0.000505   0.001625   0.002223  -0.006128   0.008447   0.000084
     17       0.001031  -0.003315  -0.004534   0.035981  -0.051546  -0.000239
                 12         13         14         15         16         17    
      0     -274.551209 262.039884 217.429809 -237.344736 -242.947642 271.448686
      1      10.162787 -10.049306  -8.020646   8.932349   8.785068 -10.180197
      2     262.244980 -250.389621 -207.941777 226.654991 232.191794 -259.548154
      3      -0.003139   0.000008  -0.002318  -0.004442  -0.000399  -0.005715
      4      -0.045128   0.007733  -0.021078   0.047293   0.019255   0.021822
      5       0.024391  -0.001520   0.015664   0.013216  -0.001690   0.024482
      6       0.000205  -0.000655  -0.000901  -0.000186  -0.000505   0.001031
      7      -0.000658   0.002108   0.002897   0.000599   0.001625  -0.003315
      8      -0.000900   0.002883   0.003963   0.000819   0.002223  -0.004534
      9       0.008910   0.012507   0.026707   0.013188  -0.006128   0.035981
     10       0.019289   0.022753   0.050873  -0.019462   0.008447  -0.051546
     11      -0.004203  -0.005341  -0.011702  -0.000014   0.000084  -0.000239
     12     147.320034 -140.516965 -116.649575 127.225199 130.380675 -145.614693
     13     -140.516965 134.565831 111.291838 -121.534778 -124.549119 139.101762
     14     -116.649575 111.291838  92.559673 -100.803722 -103.303885 115.374179
     15     127.225199 -121.534778 -100.803722 110.110977 112.573999 -125.865290
     16     130.380675 -124.549119 -103.303885 112.573999 115.734723 -128.888526
     17     -145.614693 139.101762 115.374179 -125.865290 -128.888526 144.154267

$bmatrix
 15 18
                  0          1          2          3          4          5    
      0      -0.980010  -0.037438  -0.195395   0.980010   0.037438   0.195395
      1       0.000000   0.000000   0.000000  -0.394273  -0.782260   0.482305
      2       0.186921   0.125969   0.974265   0.000000   0.000000   0.000000
      3       0.365195   0.790328  -0.491950   0.000000   0.000000   0.000000
      4       0.478981  -0.819318  -0.315111   0.000000   0.000000   0.000000
      5       0.412334  -0.403348   0.387078   0.031218   0.305443  -0.215097
      6       0.548682  -0.050605  -0.454920  -0.074428   0.045279   0.364619
      7       0.372442   0.517963   0.321195   0.044266  -0.337356  -0.157379
      8      -0.448273   0.466750  -0.443730   0.000000   0.000000   0.000000
      9      -0.568147   0.021182   0.542870   0.000000   0.000000   0.000000
     10      -0.368806  -0.611688  -0.323880   0.000000   0.000000   0.000000
     11      -0.031379  -0.304926   0.215805  -0.466617   0.429829  -0.420324
     12      -0.130883  -0.218961   0.698399   0.152748  -0.346342  -0.699752
     13      -0.031613   0.743202   0.016157   0.130266  -0.564632  -0.545169
     14       0.089400  -0.285945  -0.393600   0.107673  -0.346613  -0.473626
                  6          7          8          9         10         11    
      0       0.000000   0.000000   0.000000   0.000000   0.000000   0.000000
      1       0.394273   0.782260  -0.482305   0.000000   0.000000   0.000000
      2       0.000000   0.000000   0.000000  -0.186921  -0.125969  -0.974265
      3       0.000000   0.000000   0.000000   0.000000   0.000000   0.000000
      4       0.000000   0.000000   0.000000   0.000000   0.000000   0.000000
      5       0.000000   0.000000   0.000000   0.000000   0.000000   0.000000
      6       0.000000   0.000000   0.000000  -0.474255   0.005326   0.090301
      7       0.000000   0.000000   0.000000   0.000000   0.000000   0.000000
      8       0.000000   0.000000   0.000000   0.274702  -0.397036  -0.001369
      9       0.000000   0.000000   0.000000   0.000000   0.000000   0.000000
     10       0.000000   0.000000   0.000000   0.215128   0.421483  -0.095770
     11       0.497996  -0.124902   0.204518   0.000000   0.000000   0.000000
     12      -0.105336   0.338802   0.463400   0.000000   0.000000   0.000000
     13      -0.105336   0.338802   0.463400   0.006683  -0.517371   0.065612
     14      -0.105336   0.338802   0.463400   0.000000   0.000000   0.000000
                 12         13         14         15         16         17    
      0       0.000000   0.000000   0.000000   0.000000   0.000000   0.000000
      1       0.000000   0.000000   0.000000   0.000000   0.000000   0.000000
      2       0.000000   0.000000   0.000000   0.000000   0.000000   0.000000
      3      -0.365195  -0.790328   0.491950   0.000000   0.000000   0.000000
      4       0.000000   0.000000   0.000000  -0.478981   0.819318   0.315111
      5      -0.443552   0.097905  -0.171981   0.000000   0.000000   0.000000
      6       0.000000   0.000000   0.000000   0.000000   0.000000   0.000000
      7       0.000000   0.000000   0.000000  -0.416708  -0.180607  -0.163816
      8       0.000000   0.000000   0.000000   0.173571  -0.069714   0.445099
      9       0.304749  -0.291101  -0.241432   0.263398   0.269919  -0.301438
     10       0.153678   0.190205   0.419650   0.000000   0.000000   0.000000
     11       0.000000   0.000000   0.000000   0.000000   0.000000   0.000000
     12       0.000000   0.000000   0.000000   0.083470   0.226501  -0.462047
     13       0.000000   0.000000   0.000000   0.000000   0.000000   0.000000
     14      -0.091737   0.293757   0.403826   0.000000   0.000000   0.000000

