
$orca_opt_file

$trust
    0.300000000000

$epredict
    0.000000000000

$ediffsc
  1000.000000000000

$ctyp
  3

$coordinates
 2 18
   5.69054742  -2.23157192   1.13098597   8.30360970  -2.12333786   1.65612764
   9.01814350  -0.71624778   0.77949880   5.30339167  -2.49248263  -0.88694296
   4.93526924  -3.85554209   2.14653614   4.70175200  -0.53491155   1.78949506

   5.69026476  -2.23204409   1.13116369   8.30331785  -2.12514968   1.65687373
   9.01837989  -0.71413972   0.77830336   5.30411002  -2.49230844  -0.88691250
   4.93445112  -3.85554405   2.14675115   4.70218990  -0.53490785   1.78952122


$constraints
 1
   1.95176948


# redundant internal coordinates
#  nbonds nangles ndihedrals nimpropers ncartesians
# bond  definitions A B
# angle definitions A B C
# dihedral definitions A B C D
# improper torsion definitions A B C D
# cartesian definitions A x/y/z
$redundant_internals
 5 7 3 0 0
   1   0   0
   2   1   0
   3   0   0
   4   0   0
   5   0   0
   1   0   4   0   0
   1   0   3   0   0
   1   0   5   0  -1
   3   0   5   0   0
   4   0   5   0   0
   3   0   4   0   0
   0   1   2   0   0
   2   1   0   5   0
   2   1   0   3   0
   2   1   0   4   0
$energies
 2
 -115.7380403443895744
 -115.7380453974072054

$gradients
 2 18
  -0.0003866782727277  -0.0008591181285321  -0.0003822122952567   0.0005793902664212
   0.0024958809595108  -0.0009709411976188  -0.0006710466242948  -0.0017962051590933
   0.0011529330455823  -0.0001011315491003  -0.0000565445597126  -0.0000181628406151
  -0.0000850902615921  -0.0000662252552496  -0.0000548998628442   0.0006645564455946
   0.0002822121426990   0.0002732831507636
  -0.0004217548207022  -0.0008918291442920  -0.0004018254839088  -0.0003475146511324
   0.0006263374952521   0.0001708211662761   0.0001722038059836   0.0000173393513535
   0.0000070163653124  -0.0000444983023484  -0.0000236512553265   0.0000037135021876
  -0.0000320106058144  -0.0000134541790804  -0.0000505498023929   0.0006735745765841
   0.0002852577322428   0.0002708242527747

$redundant_coords
 2 15
   2.6675049832242714   1.8052532105393539   2.0712317971756806   2.0588993110536737
   2.0712332132172278   1.8694655946208090   1.9606106335789963   1.9517694785665300
   1.9004360325386855   1.8903775046763582   1.8887542071778063   1.9004946866598291
  -1.0779968027358768   1.0650700184414470   3.1366661883896287
   2.6675539157319048   1.8094608992961447   2.0711070769551476   2.0587433691431531
   2.0712310346256295   1.8692107489080272   1.9602729921117013   1.9517694757932347
   1.9004782725333194   1.8904323841769921   1.8892795139275411   1.8993401382263482
  -1.0774928206221097   1.0653792004378575   3.1372621203472071

$redundant_gradients
 2 15
  -0.0000252957333727  -0.0022259681761960   0.0000439260440287   0.0000562548160167
   0.0000007672879174   0.0000863110053180   0.0001081701382173   0.0000000000000000
  -0.0000336821676787  -0.0000294199871544  -0.0001397910247686   0.0004154650985680
  -0.0000159718610079   0.0000200452189935  -0.0000339271191136
  -0.0001105543359690   0.0000776007009595   0.0000078702462570  -0.0000027170328813
  -0.0000015218723160   0.0000502395559178   0.0000440967950192   0.0000000000000000
  -0.0000152338662229  -0.0000105850456829  -0.0000722347769467   0.0002793581930654
  -0.0000072105752045   0.0000054889669193  -0.0000256172746205

$hessian_approx
 18 18
                  0          1          2          3          4          5    
      0     180.097390 248.954942 155.192210  21.521594 -162.462169 -76.192661
      1     248.954942 346.954181 215.679008  30.665351 -225.942928 -105.826672
      2     155.192210 215.679008 135.249812  18.962902 -140.711431 -66.113580
      3      21.521594  30.665351  18.962902   3.415222 -19.826122  -9.342273
      4     -162.462169 -225.942928 -140.711431 -19.826122 147.747475  68.835759
      5     -76.192661 -105.826672 -66.113580  -9.342273  68.835759  32.656470
      6       0.007728  -0.056888   0.047474  -0.202413  -0.113322   0.043604
      7       0.037675   0.011732   0.018009  -0.191096  -0.345314   0.193683
      8      -0.026747  -0.018068   0.003009   0.102149   0.213427  -0.162756
      9      -0.158914  -0.003965  -0.046400   0.013074   0.002607  -0.063644
     10      -0.008391  -0.154425  -0.039318  -0.001722   0.019834   0.006457
     11      -0.035039  -0.024870  -0.337544  -0.002778  -0.001328   0.010054
     12      -0.175287  -0.068684   0.041853  -0.004175  -0.038627   0.028999
     13      -0.065525  -0.281146   0.084139   0.000454   0.014132  -0.010146
     14       0.030812   0.076426  -0.196663   0.001301  -0.005598   0.005678
     15     -201.292513 -279.490755 -174.198039 -24.743303 182.437634  85.525975
     16     -86.456533 -120.587416 -75.030408 -10.646864  78.506800  36.800919
     17     -78.968576 -109.885824 -68.605034  -9.721300  71.669169  33.604134
                  6          7          8          9         10         11    
      0       0.007728   0.037675  -0.026747  -0.158914  -0.008391  -0.035039
      1      -0.056888   0.011732  -0.018068  -0.003965  -0.154425  -0.024870
      2       0.047474   0.018009   0.003009  -0.046400  -0.039318  -0.337544
      3      -0.202413  -0.191096   0.102149   0.013074  -0.001722  -0.002778
      4      -0.113322  -0.345314   0.213427   0.002607   0.019834  -0.001328
      5       0.043604   0.193683  -0.162756  -0.063644   0.006457   0.010054
      6       0.199756   0.172371  -0.087757  -0.001826  -0.000109   0.000480
      7       0.172371   0.343299  -0.201827  -0.007329  -0.008675   0.001175
      8      -0.087757  -0.201827   0.153259   0.004927  -0.001855   0.000230
      9      -0.001826  -0.007329   0.004927   0.123182   0.002066   0.043434
     10      -0.000109  -0.008675  -0.001855   0.002066   0.107940   0.031032
     11       0.000480   0.001175   0.000230   0.043434   0.031032   0.339840
     12      -0.001051  -0.006444   0.002886   0.009116   0.018471  -0.004328
     13      -0.000476   0.000290   0.004178   0.011607   0.023031  -0.005297
     14      -0.004051  -0.005680   0.009477   0.025785   0.050865  -0.011743
     15      -0.002195  -0.005178   0.004541   0.015367  -0.010317  -0.001768
     16      -0.001576  -0.001333   0.004144  -0.004985   0.012295  -0.000710
     17       0.000250  -0.005360  -0.003218   0.035899  -0.047181  -0.000835
                 12         13         14         15         16         17    
      0      -0.175287  -0.065525   0.030812 -201.292513 -86.456533 -78.968576
      1      -0.068684  -0.281146   0.076426 -279.490755 -120.587416 -109.885824
      2       0.041853   0.084139  -0.196663 -174.198039 -75.030408 -68.605034
      3      -0.004175   0.000454   0.001301 -24.743303 -10.646864  -9.721300
      4      -0.038627   0.014132  -0.005598 182.437634  78.506800  71.669169
      5       0.028999  -0.010146   0.005678  85.525975  36.800919  33.604134
      6      -0.001051  -0.000476  -0.004051  -0.002195  -0.001576   0.000250
      7      -0.006444   0.000290  -0.005680  -0.005178  -0.001333  -0.005360
      8       0.002886   0.004178   0.009477   0.004541   0.004144  -0.003218
      9       0.009116   0.011607   0.025785   0.015367  -0.004985   0.035899
     10       0.018471   0.023031   0.050865  -0.010317   0.012295  -0.047181
     11      -0.004328  -0.005297  -0.011743  -0.001768  -0.000710  -0.000835
     12       0.148586   0.071677  -0.042814   0.022811   0.023608  -0.026596
     13       0.071677   0.264657  -0.100233  -0.017735  -0.020965   0.027360
     14      -0.042814  -0.100233   0.169152  -0.011033  -0.015780   0.024100
     15       0.022811  -0.017735  -0.011033 225.999834  97.086351  88.680324
     16       0.023608  -0.020965  -0.015780  97.086351  42.090618  38.241837
     17      -0.026596   0.027360   0.024100  88.680324  38.241837  34.980852

$bmatrix
 15 18
                  0          1          2          3          4          5    
      0      -0.979569  -0.040072  -0.197076   0.979569   0.040072   0.197076
      1       0.000000   0.000000   0.000000  -0.395180  -0.779796   0.485543
      2       0.186448   0.125664   0.974395   0.000000   0.000000   0.000000
      3       0.367124   0.788588  -0.493305   0.000000   0.000000   0.000000
      4       0.477047  -0.819385  -0.317858   0.000000   0.000000   0.000000
      5       0.411924  -0.402130   0.390062   0.031034   0.304671  -0.216204
      6       0.549477  -0.048746  -0.454768  -0.075168   0.044756   0.364524
      7       0.371655   0.516205   0.321918   0.045560  -0.336908  -0.157952
      8      -0.448199   0.468623  -0.443482   0.000000   0.000000   0.000000
      9      -0.566042   0.022347   0.543611   0.000000   0.000000   0.000000
     10      -0.370482  -0.611487  -0.323676   0.000000   0.000000   0.000000
     11      -0.031331  -0.303724   0.217489  -0.466169   0.427239  -0.424033
     12      -0.130771  -0.217957   0.694318   0.154238  -0.350604  -0.695356
     13      -0.033808   0.745138   0.016532   0.132554  -0.568814  -0.543205
     14       0.090900  -0.287691  -0.393321   0.109045  -0.349147  -0.471016
                  6          7          8          9         10         11    
      0       0.000000   0.000000   0.000000   0.000000   0.000000   0.000000
      1       0.395180   0.779796  -0.485543   0.000000   0.000000   0.000000
      2       0.000000   0.000000   0.000000  -0.186448  -0.125664  -0.974395
      3       0.000000   0.000000   0.000000   0.000000   0.000000   0.000000
      4       0.000000   0.000000   0.000000   0.000000   0.000000   0.000000
      5       0.000000   0.000000   0.000000   0.000000   0.000000   0.000000
      6       0.000000   0.000000   0.000000  -0.474308   0.003989   0.090243
      7       0.000000   0.000000   0.000000   0.000000   0.000000   0.000000
      8       0.000000   0.000000   0.000000   0.274248  -0.397385  -0.001228
      9       0.000000   0.000000   0.000000   0.000000   0.000000   0.000000
     10       0.000000   0.000000   0.000000   0.216327   0.420923  -0.095679
     11       0.497500  -0.123515   0.206544   0.000000   0.000000   0.000000
     12      -0.106803   0.341442   0.461440   0.000000   0.000000   0.000000
     13      -0.106803   0.341442   0.461440   0.008057  -0.517766   0.065233
     14      -0.106803   0.341442   0.461440   0.000000   0.000000   0.000000
                 12         13         14         15         16         17    
      0       0.000000   0.000000   0.000000   0.000000   0.000000   0.000000
      1       0.000000   0.000000   0.000000   0.000000   0.000000   0.000000
      2       0.000000   0.000000   0.000000   0.000000   0.000000   0.000000
      3      -0.367124  -0.788588   0.493305   0.000000   0.000000   0.000000
      4       0.000000   0.000000   0.000000  -0.477047   0.819385   0.317858
      5      -0.442958   0.097460  -0.173858   0.000000   0.000000   0.000000
      6       0.000000   0.000000   0.000000   0.000000   0.000000   0.000000
      7       0.000000   0.000000   0.000000  -0.417215  -0.179297  -0.163966
      8       0.000000   0.000000   0.000000   0.173951  -0.071239   0.444710
      9       0.303103  -0.292455  -0.241940   0.262939   0.270108  -0.301671
     10       0.154154   0.190563   0.419355   0.000000   0.000000   0.000000
     11       0.000000   0.000000   0.000000   0.000000   0.000000   0.000000
     12       0.000000   0.000000   0.000000   0.083336   0.227118  -0.460402
     13       0.000000   0.000000   0.000000   0.000000   0.000000   0.000000
     14      -0.093141   0.295396   0.402898   0.000000   0.000000   0.000000

