
$orca_opt_file

$trust
    0.300000000000

$epredict
    0.000000000000

$ediffsc
  1000.000000000000

$ctyp
  3

$coordinates
 1 18
   5.69036412  -2.23126390   1.13110503   8.30454700  -2.13139565   1.65232173
   9.01796208  -0.71593786   0.77961785   5.30321026  -2.49217272  -0.88682202
   4.93508783  -3.85523218   2.14665708   4.69569165  -0.53791999   1.78691747


$constraints
 1
   2.07047745


# redundant internal coordinates
#  nbonds nangles ndihedrals nimpropers ncartesians
# bond  definitions A B
# angle definitions A B C
# dihedral definitions A B C D
# improper torsion definitions A B C D
# cartesian definitions A x/y/z
$redundant_internals
 5 7 3 0 0
   1   0   0
   2   1   0
   3   0   0
   4   0   0
   5   0  -1
   1   0   4   0   0
   1   0   3   0   0
   1   0   5   0   0
   3   0   5   0   0
   4   0   5   0   0
   3   0   4   0   0
   0   1   2   0   0
   2   1   0   5   0
   2   1   0   3   0
   2   1   0   4   0
$energies
 1
 -115.7380512365388654

$gradients
 1 18
  -0.0001965137775486   0.0002228851252183   0.0000303533622044   0.0000207385682713
  -0.0000314788981758   0.0000292027447651   0.0000005067212336   0.0000102810815840
  -0.0000097294024605   0.0000076191064146   0.0000119905008194   0.0000033988785427
   0.0000384140928309  -0.0000086712570566   0.0000181941214387   0.0001292352891055
  -0.0002050065520308  -0.0000714197045572

$redundant_coords
 1 15
   2.6675068255235197   1.8094457365995487   2.0712293648072806   2.0588980594084290
   2.0704774482650690   1.8677971806924787   1.9587183601532239   1.9587492579559991
   1.8984462219937177   1.8887473851831367   1.8887566736955659   1.8980442984176753
  -1.0721640675390456   1.0721036438391744   3.1415592948685145

$redundant_gradients
 1 15
   0.0000241659769465   0.0000123665521920  -0.0000060028797157   0.0000015754791880
   0.0000000000000000  -0.0000609278772145   0.0000014384140197  -0.0000014844288568
   0.0000105901773012   0.0000209246780617   0.0000307495997686  -0.0000087640460474
  -0.0000103034931792   0.0000035916096259   0.0000034822250870

$hessian_approx
 18 18
                  0          1          2          3          4          5    
      0     231.747612 -392.766382 -152.059914  -0.495365  -0.014477  -0.075236
      1     -392.766382 669.478807 258.944605   0.037612  -0.154754   0.035426
      2     -152.059914 258.944605 101.128300  -0.113284   0.023584  -0.160974
      3      -0.495365   0.037612  -0.113284   0.660267   0.102307   0.050954
      4      -0.014477  -0.154754   0.023584   0.102307   0.470850  -0.242721
      5      -0.075236   0.035426  -0.160974   0.050954  -0.242721   0.296089
      6      -0.005452  -0.055090   0.037902  -0.165941  -0.082116   0.028397
      7       0.000884   0.015370  -0.007380  -0.138090  -0.349399   0.204506
      8      -0.003023  -0.020106   0.019013   0.069321   0.217229  -0.169814
      9      -0.159537  -0.001230  -0.046585   0.011982  -0.007358  -0.058685
     10      -0.000640  -0.141839  -0.032920  -0.001562   0.006268   0.006631
     11      -0.036879  -0.026961  -0.338994  -0.002097   0.000601   0.010402
     12      -0.177444  -0.068486   0.040816  -0.004941  -0.045322   0.033468
     13      -0.062464  -0.275247   0.087104   0.001721   0.008032  -0.010169
     14       0.036429   0.085766  -0.191090  -0.000924  -0.020862   0.008630
     15     -230.909814 392.853576 152.141064  -0.006002   0.046966   0.021103
     16     392.843078 -668.922337 -259.014992  -0.001988   0.019002   0.006327
     17     152.138623 -259.018730 -100.456254  -0.003971   0.022169   0.015669
                  6          7          8          9         10         11    
      0      -0.005452   0.000884  -0.003023  -0.159537  -0.000640  -0.036879
      1      -0.055090   0.015370  -0.020106  -0.001230  -0.141839  -0.026961
      2       0.037902  -0.007380   0.019013  -0.046585  -0.032920  -0.338994
      3      -0.165941  -0.138090   0.069321   0.011982  -0.001562  -0.002097
      4      -0.082116  -0.349399   0.217229  -0.007358   0.006268   0.000601
      5       0.028397   0.204506  -0.169814  -0.058685   0.006631   0.010402
      6       0.171390   0.137218  -0.066283  -0.000015   0.001154  -0.000146
      7       0.137218   0.333991  -0.197176   0.000048  -0.003712   0.000471
      8      -0.066283  -0.197176   0.150732   0.000066  -0.005077   0.000644
      9      -0.000015   0.000048   0.000066   0.124033   0.002177   0.043492
     10       0.001154  -0.003712  -0.005077   0.002177   0.108021   0.031152
     11      -0.000146   0.000471   0.000644   0.043492   0.031152   0.339816
     12       0.000204  -0.000658  -0.000900   0.009664   0.018819  -0.004287
     13      -0.000658   0.002115   0.002893   0.011938   0.023246  -0.005296
     14      -0.000900   0.002894   0.003958   0.026277   0.051169  -0.011657
     15      -0.000186   0.000598   0.000818   0.013873  -0.019949  -0.000082
     16      -0.000508   0.001635   0.002236  -0.005575   0.008016   0.000033
     17       0.001030  -0.003314  -0.004533   0.035435  -0.050955  -0.000210
                 12         13         14         15         16         17    
      0      -0.177444  -0.062464   0.036429 -230.909814 392.843078 152.138623
      1      -0.068486  -0.275247   0.085766 392.853576 -668.922337 -259.018730
      2       0.040816   0.087104  -0.191090 152.141064 -259.014992 -100.456254
      3      -0.004941   0.001721  -0.000924  -0.006002  -0.001988  -0.003971
      4      -0.045322   0.008032  -0.020862   0.046966   0.019002   0.022169
      5       0.033468  -0.010169   0.008630   0.021103   0.006327   0.015669
      6       0.000204  -0.000658  -0.000900  -0.000186  -0.000508   0.001030
      7      -0.000658   0.002115   0.002894   0.000598   0.001635  -0.003314
      8      -0.000900   0.002893   0.003958   0.000818   0.002236  -0.004533
      9       0.009664   0.011938   0.026277   0.013873  -0.005575   0.035435
     10       0.018819   0.023246   0.051169  -0.019949   0.008016  -0.050955
     11      -0.004287  -0.005296  -0.011657  -0.000082   0.000033  -0.000210
     12       0.149321   0.071730  -0.042526   0.023196   0.023916  -0.026572
     13       0.071730   0.264812  -0.100040  -0.022267  -0.022959   0.025508
     14      -0.042526  -0.100040   0.169132  -0.018357  -0.018927   0.021028
     15       0.023196  -0.022267  -0.018357 230.878933 -392.858923 -152.144546
     16       0.023916  -0.022959  -0.018927 -392.858923 668.916643 259.025322
     17      -0.026572   0.025508   0.021028 -152.144546 259.025322 100.424300

$bmatrix
 15 18
                  0          1          2          3          4          5    
      0      -0.980010  -0.037439  -0.195395   0.980010   0.037439   0.195395
      1       0.000000   0.000000   0.000000  -0.394273  -0.782260   0.482305
      2       0.186920   0.125968   0.974265   0.000000   0.000000   0.000000
      3       0.366835   0.788756  -0.493250   0.000000   0.000000   0.000000
      4       0.480407  -0.817852  -0.316745   0.000000   0.000000   0.000000
      5       0.411875  -0.403165   0.388364   0.031376   0.304933  -0.215795
      6       0.548683  -0.050604  -0.454920  -0.074428   0.045278   0.364619
      7       0.372087   0.517906   0.322675   0.044416  -0.336947  -0.158209
      8      -0.449868   0.466382  -0.443356   0.000000   0.000000   0.000000
      9      -0.567171   0.021053   0.541956   0.000000   0.000000   0.000000
     10      -0.370376  -0.611426  -0.323423   0.000000   0.000000   0.000000
     11      -0.031378  -0.304926   0.215805  -0.466617   0.429828  -0.420324
     12      -0.130841  -0.220906   0.698563   0.152788  -0.345766  -0.700066
     13      -0.031614   0.743202   0.016158   0.130266  -0.564632  -0.545169
     14       0.089416  -0.287575  -0.393370   0.107595  -0.346073  -0.473340
                  6          7          8          9         10         11    
      0       0.000000   0.000000   0.000000   0.000000   0.000000   0.000000
      1       0.394273   0.782260  -0.482305   0.000000   0.000000   0.000000
      2       0.000000   0.000000   0.000000  -0.186920  -0.125968  -0.974265
      3       0.000000   0.000000   0.000000   0.000000   0.000000   0.000000
      4       0.000000   0.000000   0.000000   0.000000   0.000000   0.000000
      5       0.000000   0.000000   0.000000   0.000000   0.000000   0.000000
      6       0.000000   0.000000   0.000000  -0.474255   0.005325   0.090301
      7       0.000000   0.000000   0.000000   0.000000   0.000000   0.000000
      8       0.000000   0.000000   0.000000   0.275650  -0.396377  -0.001636
      9       0.000000   0.000000   0.000000   0.000000   0.000000   0.000000
     10       0.000000   0.000000   0.000000   0.216158   0.420928  -0.095896
     11       0.497996  -0.124902   0.204518   0.000000   0.000000   0.000000
     12      -0.105336   0.338802   0.463400   0.000000   0.000000   0.000000
     13      -0.105336   0.338802   0.463400   0.006683  -0.517372   0.065612
     14      -0.105336   0.338802   0.463400   0.000000   0.000000   0.000000
                 12         13         14         15         16         17    
      0       0.000000   0.000000   0.000000   0.000000   0.000000   0.000000
      1       0.000000   0.000000   0.000000   0.000000   0.000000   0.000000
      2       0.000000   0.000000   0.000000   0.000000   0.000000   0.000000
      3      -0.366835  -0.788756   0.493250   0.000000   0.000000   0.000000
      4       0.000000   0.000000   0.000000  -0.480407   0.817852   0.316745
      5      -0.443251   0.098231  -0.172569   0.000000   0.000000   0.000000
      6       0.000000   0.000000   0.000000   0.000000   0.000000   0.000000
      7       0.000000   0.000000   0.000000  -0.416503  -0.180959  -0.164466
      8       0.000000   0.000000   0.000000   0.174218  -0.070005   0.444992
      9       0.304283  -0.292105  -0.240806   0.262887   0.271052  -0.301150
     10       0.154218   0.190498   0.419319   0.000000   0.000000   0.000000
     11       0.000000   0.000000   0.000000   0.000000   0.000000   0.000000
     12       0.000000   0.000000   0.000000   0.083388   0.227870  -0.461898
     13       0.000000   0.000000   0.000000   0.000000   0.000000   0.000000
     14      -0.091676   0.294847   0.403309   0.000000   0.000000   0.000000

