
$orca_opt_file

$trust
    0.300000000000

$epredict
    0.000000000000

$ediffsc
  1000.000000000000

$ctyp
  3

$coordinates
 1 18
   5.69054742  -2.23157192   1.13098597   8.30445063  -2.12961364   1.65318344
   9.01814350  -0.71624778   0.77949880   5.30339167  -2.49248263  -0.88694296
   4.93526924  -3.85554209   2.14653614   4.69706926  -0.53693356   1.78765069


$constraints
 1
   1.95700591


# redundant internal coordinates
#  nbonds nangles ndihedrals nimpropers ncartesians
# bond  definitions A B
# angle definitions A B C
# dihedral definitions A B C D
# improper torsion definitions A B C D
# cartesian definitions A x/y/z
$redundant_internals
 5 7 3 0 0
   1   0   0
   2   1   0
   3   0   0
   4   0   0
   5   0   0
   1   0   4   0   0
   1   0   3   0   0
   1   0   5   0  -1
   3   0   5   0   0
   4   0   5   0   0
   3   0   4   0   0
   0   1   2   0   0
   2   1   0   5   0
   2   1   0   3   0
   2   1   0   4   0
$energies
 1
 -115.7380506734210996

$gradients
 1 18
  -0.0001688189336611  -0.0001910081325339  -0.0001292870238821   0.0001692837036231
   0.0005998949821821  -0.0002181250330604  -0.0001661689843696  -0.0004418667136376
   0.0002793843665553  -0.0000181681657003  -0.0000105868129172  -0.0000044079374749
   0.0000090771905570  -0.0000278400279034  -0.0000023958745538   0.0001747951905624
   0.0000714067032938   0.0000748315026718

$redundant_coords
 1 15
   2.6675036359691009   1.8083930488964903   2.0712317971756806   2.0588993110536737
   2.0712331104179991   1.8682149721377854   1.9591920231624098   1.9570059077954443
   1.8989428881246990   1.8891557469082558   1.8887542071778063   1.8986590995459229
  -1.0736169162153963   1.0703512827255464   3.1403389534058443

$redundant_gradients
 1 15
   0.0000214025929362  -0.0005464431770302   0.0000092579325835   0.0000173090117105
  -0.0000017273390541  -0.0000269886945377   0.0000249263218740   0.0000000000000000
   0.0000035435298737   0.0000123564044929  -0.0000151861586894   0.0000980429106293
  -0.0000114988878458   0.0000118049329929  -0.0000095877134309

$hessian_approx
 18 18
                  0          1          2          3          4          5    
      0     180.507562 249.792957 155.682274  21.098152 -162.649462 -76.408990
      1     249.792957 348.509146 216.597706  30.092018 -226.516975 -106.209128
      2     155.682274 216.597706 135.791992  18.611409 -141.006340 -66.354534
      3      21.098152  30.092018  18.611409   3.258674 -19.464792  -9.133411
      4     -162.649462 -226.516975 -141.006340 -19.464792 147.849034  68.929580
      5     -76.408990 -106.209128 -66.354534  -9.133411  68.929580  32.763914
      6      -0.005445  -0.055071   0.038007  -0.166357  -0.082489   0.028630
      7       0.000877   0.015351  -0.007387  -0.138437  -0.349482   0.205070
      8      -0.003029  -0.020152   0.019097   0.069666   0.217838  -0.170664
      9      -0.161223  -0.003728  -0.048027   0.011802  -0.005774  -0.057949
     10      -0.009510  -0.154131  -0.040481  -0.002617   0.014239   0.010320
     11      -0.035408  -0.024893  -0.337738  -0.001926  -0.000733   0.009784
     12      -0.177401  -0.068569   0.040704  -0.004927  -0.045262   0.033500
     13      -0.066740  -0.281103   0.083406   0.001209   0.011820  -0.008362
     14       0.029622   0.076340  -0.197086  -0.001730  -0.014761   0.011543
     15     -201.261645 -279.757606 -174.324367 -24.197343 182.247779  85.538220
     16     -87.068122 -121.572289 -75.626903 -10.487381  78.991364  37.072519
     17     -79.264469 -110.419872 -68.921731  -9.544008  71.874416  33.739958
                  6          7          8          9         10         11    
      0      -0.005445   0.000877  -0.003029  -0.161223  -0.009510  -0.035408
      1      -0.055071   0.015351  -0.020152  -0.003728  -0.154131  -0.024893
      2       0.038007  -0.007387   0.019097  -0.048027  -0.040481  -0.337738
      3      -0.166357  -0.138437   0.069666   0.011802  -0.002617  -0.001926
      4      -0.082489  -0.349482   0.217838  -0.005774   0.014239  -0.000733
      5       0.028630   0.205070  -0.170664  -0.057949   0.010320   0.009784
      6       0.171798   0.137572  -0.066620  -0.000016   0.001159  -0.000147
      7       0.137572   0.334094  -0.197736   0.000051  -0.003723   0.000472
      8      -0.066620  -0.197736   0.151495   0.000070  -0.005076   0.000643
      9      -0.000016   0.000051   0.000070   0.123980   0.002258   0.043491
     10       0.001159  -0.003723  -0.005076   0.002258   0.108057   0.031132
     11      -0.000147   0.000472   0.000643   0.043491   0.031132   0.339817
     12       0.000206  -0.000662  -0.000903   0.009664   0.018819  -0.004287
     13      -0.000661   0.002122   0.002893   0.011938   0.023246  -0.005296
     14      -0.000903   0.002901   0.003955   0.026277   0.051169  -0.011657
     15      -0.000187   0.000599   0.000817   0.015793  -0.010109  -0.001723
     16      -0.000510   0.001638   0.002233  -0.004745   0.012311  -0.000681
     17       0.001034  -0.003320  -0.004526   0.036138  -0.047064  -0.000848
                 12         13         14         15         16         17    
      0      -0.177401  -0.066740   0.029622 -201.261645 -87.068122 -79.264469
      1      -0.068569  -0.281103   0.076340 -279.757606 -121.572289 -110.419872
      2       0.040704   0.083406  -0.197086 -174.324367 -75.626903 -68.921731
      3      -0.004927   0.001209  -0.001730 -24.197343 -10.487381  -9.544008
      4      -0.045262   0.011820  -0.014761 182.247779  78.991364  71.874416
      5       0.033500  -0.008362   0.011543  85.538220  37.072519  33.739958
      6       0.000206  -0.000661  -0.000903  -0.000187  -0.000510   0.001034
      7      -0.000662   0.002122   0.002901   0.000599   0.001638  -0.003320
      8      -0.000903   0.002893   0.003955   0.000817   0.002233  -0.004526
      9       0.009664   0.011938   0.026277   0.015793  -0.004745   0.036138
     10       0.018819   0.023246   0.051169  -0.010109   0.012311  -0.047064
     11      -0.004287  -0.005296  -0.011657  -0.001723  -0.000681  -0.000848
     12       0.149247   0.071788  -0.042487   0.023211   0.023886  -0.026526
     13       0.071788   0.264801  -0.100014  -0.017535  -0.020887   0.027373
     14      -0.042487  -0.100014   0.169201  -0.010778  -0.015636   0.024044
     15       0.023211  -0.017535  -0.010778 225.420170  97.536872  88.797831
     16       0.023886  -0.020887  -0.015636  97.536872  42.587864  38.568468
     17      -0.026526   0.027373   0.024044  88.797831  38.568468  35.163103

$bmatrix
 15 18
                  0          1          2          3          4          5    
      0      -0.979906  -0.038222  -0.195763   0.979906   0.038222   0.195763
      1       0.000000   0.000000   0.000000  -0.394656  -0.781559   0.483128
      2       0.186921   0.125969   0.974265   0.000000   0.000000   0.000000
      3       0.366836   0.788756  -0.493249   0.000000   0.000000   0.000000
      4       0.479655  -0.818178  -0.317040   0.000000   0.000000   0.000000
      5       0.411942  -0.402883   0.388773   0.031239   0.304877  -0.215896
      6       0.548850  -0.050107  -0.454948  -0.074600   0.045161   0.364599
      7       0.371817   0.517484   0.322418   0.044736  -0.336936  -0.158145
      8      -0.449533   0.466820  -0.443227   0.000000   0.000000   0.000000
      9      -0.566815   0.021378   0.542276   0.000000   0.000000   0.000000
     10      -0.370376  -0.611425  -0.323423   0.000000   0.000000   0.000000
     11      -0.031324  -0.304604   0.216268  -0.466799   0.429281  -0.421482
     12      -0.130756  -0.220031   0.697470   0.153244  -0.347336  -0.699259
     13      -0.032269   0.743809   0.016297   0.130966  -0.566077  -0.545034
     14       0.089788  -0.287516  -0.393302   0.108058  -0.347193  -0.473104
                  6          7          8          9         10         11    
      0       0.000000   0.000000   0.000000   0.000000   0.000000   0.000000
      1       0.394656   0.781559  -0.483128   0.000000   0.000000   0.000000
      2       0.000000   0.000000   0.000000  -0.186921  -0.125969  -0.974265
      3       0.000000   0.000000   0.000000   0.000000   0.000000   0.000000
      4       0.000000   0.000000   0.000000   0.000000   0.000000   0.000000
      5       0.000000   0.000000   0.000000   0.000000   0.000000   0.000000
      6       0.000000   0.000000   0.000000  -0.474250   0.004947   0.090349
      7       0.000000   0.000000   0.000000   0.000000   0.000000   0.000000
      8       0.000000   0.000000   0.000000   0.275358  -0.396580  -0.001553
      9       0.000000   0.000000   0.000000   0.000000   0.000000   0.000000
     10       0.000000   0.000000   0.000000   0.216158   0.420927  -0.095896
     11       0.498123  -0.124677   0.205214   0.000000   0.000000   0.000000
     12      -0.105787   0.339743   0.463190   0.000000   0.000000   0.000000
     13      -0.105787   0.339743   0.463190   0.007090  -0.517476   0.065547
     14      -0.105787   0.339743   0.463190   0.000000   0.000000   0.000000
                 12         13         14         15         16         17    
      0       0.000000   0.000000   0.000000   0.000000   0.000000   0.000000
      1       0.000000   0.000000   0.000000   0.000000   0.000000   0.000000
      2       0.000000   0.000000   0.000000   0.000000   0.000000   0.000000
      3      -0.366836  -0.788756   0.493249   0.000000   0.000000   0.000000
      4       0.000000   0.000000   0.000000  -0.479655   0.818178   0.317040
      5      -0.443181   0.098006  -0.172878   0.000000   0.000000   0.000000
      6       0.000000   0.000000   0.000000   0.000000   0.000000   0.000000
      7       0.000000   0.000000   0.000000  -0.416553  -0.180549  -0.164273
      8       0.000000   0.000000   0.000000   0.174175  -0.070240   0.444780
      9       0.304013  -0.292155  -0.241087   0.262802   0.270777  -0.301189
     10       0.154218   0.190498   0.419319   0.000000   0.000000   0.000000
     11       0.000000   0.000000   0.000000   0.000000   0.000000   0.000000
     12       0.000000   0.000000   0.000000   0.083299   0.227624  -0.461401
     13       0.000000   0.000000   0.000000   0.000000   0.000000   0.000000
     14      -0.092059   0.294966   0.403216   0.000000   0.000000   0.000000

