
$orca_opt_file

$trust
    0.300000000000

$epredict
    0.000000000000

$ediffsc
  1000.000000000000

$ctyp
  3

$coordinates
 1 18
   5.69054742  -2.23157192   1.13098597   8.30472842  -2.13170557   1.65220268
   9.01814350  -0.71624778   0.77949880   5.30339167  -2.49248263  -0.88694296
   4.93526924  -3.85554209   2.14653614   4.69551024  -0.53761008   1.78703653


$constraints
 1
   1.95875073


# redundant internal coordinates
#  nbonds nangles ndihedrals nimpropers ncartesians
# bond  definitions A B
# angle definitions A B C
# dihedral definitions A B C D
# improper torsion definitions A B C D
# cartesian definitions A x/y/z
$redundant_internals
 5 7 3 0 0
   1   0   0
   2   1   0
   3   0   0
   4   0   0
   5   0   0
   1   0   4   0   0
   1   0   3   0   0
   1   0   5   0  -1
   3   0   5   0   0
   4   0   5   0   0
   3   0   4   0   0
   0   1   2   0   0
   2   1   0   5   0
   2   1   0   3   0
   2   1   0   4   0
$energies
 1
 -115.7380513529664086

$gradients
 1 18
  -0.0000955943450320   0.0000321692478290  -0.0000449330151925   0.0000329736956320
  -0.0000331863568707   0.0000301421473385   0.0000004037202993   0.0000104627196162
  -0.0000091831289736   0.0000094366517651   0.0000046902978699   0.0000001676215897
   0.0000405471218490  -0.0000149601027610   0.0000151270597663   0.0000122331577018
   0.0000008241939724   0.0000086793161559

$redundant_coords
 1 15
   2.6675049028249234   1.8094457365995493   2.0712317971756806   2.0588993110536737
   2.0712334634239493   1.8677975232596420   1.9587191307408331   1.9587507342851422
   1.8984456097612195   1.8887477264321324   1.8887542071778063   1.8980436628938084
  -1.0721637276247029   1.0721048645581432   3.1415581582578662

$redundant_gradients
 1 15
   0.0000362882473236   0.0000122056092420  -0.0000022748704951   0.0000042410160511
  -0.0000024856251650  -0.0000648028412812  -0.0000026474654558  -0.0000000000000000
   0.0000160087258581   0.0000263148822356   0.0000263481778502  -0.0000086426183443
  -0.0000100465159664   0.0000090236095011  -0.0000012457372744

$hessian_approx
 18 18
                  0          1          2          3          4          5    
      0     180.641763 250.071261 155.844112  20.952543 -162.724390 -76.472387
      1     250.071261 349.026213 216.903563  29.900872 -226.705891 -106.337081
      2     155.844112 216.903563 135.971959  18.490942 -141.113348 -66.428966
      3      20.952543  29.900872  18.490942   3.221529 -19.328136  -9.072217
      4     -162.724390 -226.705891 -141.113348 -19.328136 147.875686  68.968239
      5     -76.472387 -106.337081 -66.428966  -9.072217  68.968239  32.792696
      6      -0.005452  -0.055091   0.037902  -0.165941  -0.082115   0.028397
      7       0.000885   0.015370  -0.007382  -0.138090  -0.349399   0.204505
      8      -0.003023  -0.020105   0.019012   0.069321   0.217229  -0.169814
      9      -0.161267  -0.003668  -0.048075   0.011774  -0.005779  -0.057944
     10      -0.009434  -0.154042  -0.040563  -0.002610   0.014218   0.010364
     11      -0.035410  -0.024916  -0.337718  -0.001921  -0.000730   0.009777
     12      -0.177477  -0.068551   0.040750  -0.004948  -0.045274   0.033490
     13      -0.066693  -0.281117   0.083471   0.001218   0.011847  -0.008378
     14       0.029640   0.076330  -0.196948  -0.001732  -0.014726   0.011510
     15     -201.250110 -279.844824 -174.365630 -24.014956 182.185693  85.540660
     16     -87.271629 -121.900534 -75.825742 -10.433254  79.153539  37.162350
     17     -79.362933 -110.597790 -69.027339  -9.484393  71.943335  33.784796
                  6          7          8          9         10         11    
      0      -0.005452   0.000885  -0.003023  -0.161267  -0.009434  -0.035410
      1      -0.055091   0.015370  -0.020105  -0.003668  -0.154042  -0.024916
      2       0.037902  -0.007382   0.019012  -0.048075  -0.040563  -0.337718
      3      -0.165941  -0.138090   0.069321   0.011774  -0.002610  -0.001921
      4      -0.082115  -0.349399   0.217229  -0.005779   0.014218  -0.000730
      5       0.028397   0.204505  -0.169814  -0.057944   0.010364   0.009777
      6       0.171390   0.137218  -0.066283  -0.000015   0.001154  -0.000146
      7       0.137218   0.333991  -0.197176   0.000048  -0.003712   0.000471
      8      -0.066283  -0.197176   0.150732   0.000066  -0.005077   0.000644
      9      -0.000015   0.000048   0.000066   0.124028   0.002184   0.043492
     10       0.001154  -0.003712  -0.005077   0.002184   0.108010   0.031152
     11      -0.000146   0.000471   0.000644   0.043492   0.031152   0.339815
     12       0.000204  -0.000658  -0.000900   0.009664   0.018819  -0.004287
     13      -0.000658   0.002115   0.002893   0.011938   0.023246  -0.005296
     14      -0.000900   0.002894   0.003958   0.026277   0.051169  -0.011657
     15      -0.000186   0.000598   0.000818   0.015816  -0.010114  -0.001727
     16      -0.000508   0.001634   0.002235  -0.004723   0.012279  -0.000681
     17       0.001030  -0.003313  -0.004531   0.036185  -0.047045  -0.000860
                 12         13         14         15         16         17    
      0      -0.177477  -0.066693   0.029640 -201.250110 -87.271629 -79.362933
      1      -0.068551  -0.281117   0.076330 -279.844824 -121.900534 -110.597790
      2       0.040750   0.083471  -0.196948 -174.365630 -75.825742 -69.027339
      3      -0.004948   0.001218  -0.001732 -24.014956 -10.433254  -9.484393
      4      -0.045274   0.011847  -0.014726 182.185693  79.153539  71.943335
      5       0.033490  -0.008378   0.011510  85.540660  37.162350  33.784796
      6       0.000204  -0.000658  -0.000900  -0.000186  -0.000508   0.001030
      7      -0.000658   0.002115   0.002894   0.000598   0.001634  -0.003313
      8      -0.000900   0.002893   0.003958   0.000818   0.002235  -0.004531
      9       0.009664   0.011938   0.026277   0.015816  -0.004723   0.036185
     10       0.018819   0.023246   0.051169  -0.010114   0.012279  -0.047045
     11      -0.004287  -0.005296  -0.011657  -0.001727  -0.000681  -0.000860
     12       0.149315   0.071736  -0.042521   0.023241   0.023928  -0.026532
     13       0.071736   0.264806  -0.100045  -0.017540  -0.020897   0.027354
     14      -0.042521  -0.100045   0.169127  -0.010764  -0.015621   0.024010
     15       0.023241  -0.017540  -0.010764 225.226195  97.686186  88.836643
     16       0.023928  -0.020897  -0.015621  97.686186  42.753978  38.677459
     17      -0.026532   0.027354   0.024010  88.836643  38.677459  35.223924

$bmatrix
 15 18
                  0          1          2          3          4          5    
      0      -0.980010  -0.037438  -0.195395   0.980010   0.037438   0.195395
      1       0.000000   0.000000   0.000000  -0.394273  -0.782260   0.482305
      2       0.186921   0.125969   0.974265   0.000000   0.000000   0.000000
      3       0.366836   0.788756  -0.493249   0.000000   0.000000   0.000000
      4       0.480408  -0.817852  -0.316744   0.000000   0.000000   0.000000
      5       0.411875  -0.403166   0.388364   0.031376   0.304934  -0.215795
      6       0.548682  -0.050605  -0.454920  -0.074428   0.045279   0.364619
      7       0.371935   0.517841   0.322615   0.044416  -0.336948  -0.158209
      8      -0.449804   0.466355  -0.443194   0.000000   0.000000   0.000000
      9      -0.567076   0.021151   0.541845   0.000000   0.000000   0.000000
     10      -0.370376  -0.611425  -0.323423   0.000000   0.000000   0.000000
     11      -0.031379  -0.304926   0.215805  -0.466617   0.429829  -0.420324
     12      -0.130811  -0.220823   0.698395   0.152788  -0.345765  -0.700066
     13      -0.031613   0.743202   0.016157   0.130266  -0.564632  -0.545169
     14       0.089416  -0.287575  -0.393371   0.107595  -0.346073  -0.473339
                  6          7          8          9         10         11    
      0       0.000000   0.000000   0.000000   0.000000   0.000000   0.000000
      1       0.394273   0.782260  -0.482305   0.000000   0.000000   0.000000
      2       0.000000   0.000000   0.000000  -0.186921  -0.125969  -0.974265
      3       0.000000   0.000000   0.000000   0.000000   0.000000   0.000000
      4       0.000000   0.000000   0.000000   0.000000   0.000000   0.000000
      5       0.000000   0.000000   0.000000   0.000000   0.000000   0.000000
      6       0.000000   0.000000   0.000000  -0.474255   0.005326   0.090301
      7       0.000000   0.000000   0.000000   0.000000   0.000000   0.000000
      8       0.000000   0.000000   0.000000   0.275650  -0.396377  -0.001636
      9       0.000000   0.000000   0.000000   0.000000   0.000000   0.000000
     10       0.000000   0.000000   0.000000   0.216158   0.420927  -0.095896
     11       0.497996  -0.124902   0.204518   0.000000   0.000000   0.000000
     12      -0.105336   0.338802   0.463400   0.000000   0.000000   0.000000
     13      -0.105336   0.338802   0.463400   0.006683  -0.517371   0.065612
     14      -0.105336   0.338802   0.463400   0.000000   0.000000   0.000000
                 12         13         14         15         16         17    
      0       0.000000   0.000000   0.000000   0.000000   0.000000   0.000000
      1       0.000000   0.000000   0.000000   0.000000   0.000000   0.000000
      2       0.000000   0.000000   0.000000   0.000000   0.000000   0.000000
      3      -0.366836  -0.788756   0.493249   0.000000   0.000000   0.000000
      4       0.000000   0.000000   0.000000  -0.480408   0.817852   0.316744
      5      -0.443251   0.098232  -0.172569   0.000000   0.000000   0.000000
      6       0.000000   0.000000   0.000000   0.000000   0.000000   0.000000
      7       0.000000   0.000000   0.000000  -0.416351  -0.180893  -0.164406
      8       0.000000   0.000000   0.000000   0.174154  -0.069978   0.444829
      9       0.304284  -0.292105  -0.240806   0.262792   0.270953  -0.301039
     10       0.154218   0.190498   0.419319   0.000000   0.000000   0.000000
     11       0.000000   0.000000   0.000000   0.000000   0.000000   0.000000
     12       0.000000   0.000000   0.000000   0.083358   0.227787  -0.461729
     13       0.000000   0.000000   0.000000   0.000000   0.000000   0.000000
     14      -0.091676   0.294846   0.403310   0.000000   0.000000   0.000000

