
$orca_opt_file

$trust
    0.300000000000

$epredict
    0.000000000000

$ediffsc
  1000.000000000000

$ctyp
  3

$coordinates
 1 18
   5.69081955  -2.23203679   1.13080645   8.30500054  -2.13216855   1.65202126
   9.01841562  -0.71671076   0.77931928   5.30366379  -2.49294561  -0.88712248
   4.93554136  -3.85600507   2.14635661   4.69523812  -0.53714709   1.78721605


$constraints
 1
   2.07236750


# redundant internal coordinates
#  nbonds nangles ndihedrals nimpropers ncartesians
# bond  definitions A B
# angle definitions A B C
# dihedral definitions A B C D
# improper torsion definitions A B C D
# cartesian definitions A x/y/z
$redundant_internals
 5 7 3 0 0
   1   0   0
   2   1   0
   3   0   0
   4   0   0
   5   0  -1
   1   0   4   0   0
   1   0   3   0   0
   1   0   5   0   0
   3   0   5   0   0
   4   0   5   0   0
   3   0   4   0   0
   0   1   2   0   0
   2   1   0   5   0
   2   1   0   3   0
   2   1   0   4   0
$energies
 1
 -115.7380511735054114

$gradients
 1 18
   0.0000536164809946  -0.0002549146440941  -0.0001582814387524   0.0000520021991339
  -0.0000349060496561   0.0000311730640295   0.0000003520816643   0.0000103329715119
  -0.0000080409493252   0.0000125916432121  -0.0000058540105084  -0.0000036049590198
   0.0000440355996127  -0.0000233686379113   0.0000102006393990  -0.0001625980041978
   0.0003087103706014   0.0001285536430922

$redundant_coords
 1 15
   2.6675046043312882   1.8094448251768329   2.0712315591298820   2.0588978205202717
   2.0723674957216254   1.8677986929261967   1.9587185373391405   1.9587501196648467
   1.8984448641219775   1.8887474701700460   1.8887553626033604   1.8980450334176604
  -1.0721622145784191   1.0721044903321664   3.1415595961786900

$redundant_gradients
 1 15
   0.0000552401917975   0.0000115346833724   0.0000021392684727   0.0000071644655730
   0.0000000000000000  -0.0000692942874845  -0.0000077501052531  -0.0000041140543465
   0.0000260521027137   0.0000359048056072   0.0000205602838694  -0.0000079126239598
  -0.0000094846177549   0.0000158796004732  -0.0000072140987973

$hessian_approx
 18 18
                  0          1          2          3          4          5    
      0     231.747730 -392.766867 -152.059767  -0.495376  -0.014408  -0.075205
      1     -392.766867 669.478655 258.944070   0.037606  -0.154701   0.035449
      2     -152.059767 258.944070 101.127498  -0.113291   0.023627  -0.160950
      3      -0.495376   0.037606  -0.113291   0.660269   0.102310   0.050956
      4      -0.014408  -0.154701   0.023627   0.102310   0.470828  -0.242732
      5      -0.075205   0.035449  -0.160950   0.050956  -0.242732   0.296084
      6      -0.005452  -0.055091   0.037903  -0.165941  -0.082116   0.028397
      7       0.000885   0.015371  -0.007383  -0.138091  -0.349400   0.204506
      8      -0.003022  -0.020104   0.019009   0.069321   0.217229  -0.169814
      9      -0.159504  -0.001257  -0.046532   0.011982  -0.007358  -0.058685
     10      -0.000687  -0.141801  -0.032996  -0.001562   0.006268   0.006631
     11      -0.036879  -0.026961  -0.338993  -0.002097   0.000601   0.010402
     12      -0.177394  -0.068465   0.040765  -0.004941  -0.045322   0.033468
     13      -0.062512  -0.275267   0.087153   0.001721   0.008032  -0.010169
     14       0.036389   0.085750  -0.191049  -0.000924  -0.020862   0.008629
     15     -230.910004 392.854074 152.140922  -0.005992   0.046894   0.021070
     16     392.843590 -668.922258 -259.014471  -0.001984   0.018972   0.006316
     17     152.138484 -259.018204 -100.455516  -0.003966   0.022137   0.015649
                  6          7          8          9         10         11    
      0      -0.005452   0.000885  -0.003022  -0.159504  -0.000687  -0.036879
      1      -0.055091   0.015371  -0.020104  -0.001257  -0.141801  -0.026961
      2       0.037903  -0.007383   0.019009  -0.046532  -0.032996  -0.338993
      3      -0.165941  -0.138091   0.069321   0.011982  -0.001562  -0.002097
      4      -0.082116  -0.349400   0.217229  -0.007358   0.006268   0.000601
      5       0.028397   0.204506  -0.169814  -0.058685   0.006631   0.010402
      6       0.171390   0.137218  -0.066283  -0.000015   0.001154  -0.000146
      7       0.137218   0.333992  -0.197176   0.000048  -0.003712   0.000471
      8      -0.066283  -0.197176   0.150732   0.000066  -0.005077   0.000644
      9      -0.000015   0.000048   0.000066   0.124020   0.002195   0.043492
     10       0.001154  -0.003712  -0.005077   0.002195   0.107994   0.031152
     11      -0.000146   0.000471   0.000644   0.043492   0.031152   0.339815
     12       0.000204  -0.000658  -0.000900   0.009664   0.018819  -0.004287
     13      -0.000658   0.002115   0.002893   0.011938   0.023246  -0.005296
     14      -0.000900   0.002894   0.003958   0.026277   0.051169  -0.011657
     15      -0.000186   0.000598   0.000818   0.013853  -0.019920  -0.000082
     16      -0.000508   0.001633   0.002234  -0.005566   0.008004   0.000033
     17       0.001029  -0.003311  -0.004529   0.035383  -0.050879  -0.000210
                 12         13         14         15         16         17    
      0      -0.177394  -0.062512   0.036389 -230.910004 392.843590 152.138484
      1      -0.068465  -0.275267   0.085750 392.854074 -668.922258 -259.018204
      2       0.040765   0.087153  -0.191049 152.140922 -259.014471 -100.455516
      3      -0.004941   0.001721  -0.000924  -0.005992  -0.001984  -0.003966
      4      -0.045322   0.008032  -0.020862   0.046894   0.018972   0.022137
      5       0.033468  -0.010169   0.008629   0.021070   0.006316   0.015649
      6       0.000204  -0.000658  -0.000900  -0.000186  -0.000508   0.001029
      7      -0.000658   0.002115   0.002894   0.000598   0.001633  -0.003311
      8      -0.000900   0.002893   0.003958   0.000818   0.002234  -0.004529
      9       0.009664   0.011938   0.026277   0.013853  -0.005566   0.035383
     10       0.018819   0.023246   0.051169  -0.019920   0.008004  -0.050879
     11      -0.004287  -0.005296  -0.011657  -0.000082   0.000033  -0.000210
     12       0.149306   0.071745  -0.042513   0.023161   0.023880  -0.026532
     13       0.071745   0.264798  -0.100052  -0.022234  -0.022925   0.025470
     14      -0.042513  -0.100052   0.169122  -0.018329  -0.018899   0.020997
     15       0.023161  -0.022234  -0.018329 230.879168 -392.859412 -152.144398
     16       0.023880  -0.022925  -0.018899 -392.859412 668.916573 259.024787
     17      -0.026532   0.025470   0.020997 -152.144398 259.024787 100.423608

$bmatrix
 15 18
                  0          1          2          3          4          5    
      0      -0.980010  -0.037439  -0.195394   0.980010   0.037439   0.195394
      1       0.000000   0.000000   0.000000  -0.394273  -0.782261   0.482304
      2       0.186921   0.125968   0.974265   0.000000   0.000000   0.000000
      3       0.366836   0.788756  -0.493249   0.000000   0.000000   0.000000
      4       0.480408  -0.817852  -0.316744   0.000000   0.000000   0.000000
      5       0.411875  -0.403166   0.388364   0.031376   0.304934  -0.215795
      6       0.548682  -0.050604  -0.454920  -0.074427   0.045278   0.364619
      7       0.371707   0.517742   0.322525   0.044416  -0.336948  -0.158209
      8      -0.449709   0.466317  -0.442950   0.000000   0.000000   0.000000
      9      -0.566932   0.021300   0.541680   0.000000   0.000000   0.000000
     10      -0.370377  -0.611425  -0.323424   0.000000   0.000000   0.000000
     11      -0.031378  -0.304927   0.215805  -0.466618   0.429829  -0.420323
     12      -0.130764  -0.220698   0.698143   0.152788  -0.345765  -0.700067
     13      -0.031614   0.743202   0.016158   0.130266  -0.564632  -0.545171
     14       0.089416  -0.287576  -0.393371   0.107595  -0.346073  -0.473340
                  6          7          8          9         10         11    
      0       0.000000   0.000000   0.000000   0.000000   0.000000   0.000000
      1       0.394273   0.782261  -0.482304   0.000000   0.000000   0.000000
      2       0.000000   0.000000   0.000000  -0.186921  -0.125968  -0.974265
      3       0.000000   0.000000   0.000000   0.000000   0.000000   0.000000
      4       0.000000   0.000000   0.000000   0.000000   0.000000   0.000000
      5       0.000000   0.000000   0.000000   0.000000   0.000000   0.000000
      6       0.000000   0.000000   0.000000  -0.474255   0.005325   0.090301
      7       0.000000   0.000000   0.000000   0.000000   0.000000   0.000000
      8       0.000000   0.000000   0.000000   0.275650  -0.396377  -0.001636
      9       0.000000   0.000000   0.000000   0.000000   0.000000   0.000000
     10       0.000000   0.000000   0.000000   0.216159   0.420927  -0.095896
     11       0.497996  -0.124903   0.204518   0.000000   0.000000   0.000000
     12      -0.105336   0.338801   0.463401   0.000000   0.000000   0.000000
     13      -0.105336   0.338801   0.463401   0.006683  -0.517371   0.065611
     14      -0.105336   0.338801   0.463401   0.000000   0.000000   0.000000
                 12         13         14         15         16         17    
      0       0.000000   0.000000   0.000000   0.000000   0.000000   0.000000
      1       0.000000   0.000000   0.000000   0.000000   0.000000   0.000000
      2       0.000000   0.000000   0.000000   0.000000   0.000000   0.000000
      3      -0.366836  -0.788756   0.493249   0.000000   0.000000   0.000000
      4       0.000000   0.000000   0.000000  -0.480408   0.817852   0.316744
      5      -0.443251   0.098232  -0.172569   0.000000   0.000000   0.000000
      6       0.000000   0.000000   0.000000   0.000000   0.000000   0.000000
      7       0.000000   0.000000   0.000000  -0.416123  -0.180794  -0.164316
      8       0.000000   0.000000   0.000000   0.174059  -0.069940   0.444586
      9       0.304284  -0.292105  -0.240806   0.262648   0.270805  -0.300874
     10       0.154218   0.190498   0.419319   0.000000   0.000000   0.000000
     11       0.000000   0.000000   0.000000   0.000000   0.000000   0.000000
     12       0.000000   0.000000   0.000000   0.083312   0.227662  -0.461477
     13       0.000000   0.000000   0.000000   0.000000   0.000000   0.000000
     14      -0.091676   0.294847   0.403310   0.000000   0.000000   0.000000

