
$orca_opt_file

$trust
    0.300000000000

$epredict
    0.000000000000

$ediffsc
  1000.000000000000

$ctyp
  3

$coordinates
 1 18
   5.69054742  -2.23157192   1.13098597   8.30472842  -2.13170557   1.65220268
   9.01814350  -0.71624778   0.77949880   5.30339167  -2.49248263  -0.88694296
   4.93639552  -3.85662112   2.14564608   4.69649479  -0.53659718   1.78590836


$constraints
 1
   1.89049276


# redundant internal coordinates
#  nbonds nangles ndihedrals nimpropers ncartesians
# bond  definitions A B
# angle definitions A B C
# dihedral definitions A B C D
# improper torsion definitions A B C D
# cartesian definitions A x/y/z
$redundant_internals
 5 7 3 0 0
   1   0   0
   2   1   0
   3   0   0
   4   0   0
   5   0   0
   1   0   4   0   0
   1   0   3   0   0
   1   0   5   0   0
   3   0   5   0   0
   4   0   5   0  -1
   3   0   4   0   0
   0   1   2   0   0
   2   1   0   5   0
   2   1   0   3   0
   2   1   0   4   0
$energies
 1
 -115.7380510423658393

$gradients
 1 18
  -0.0001863218097558   0.0000350113154650   0.0000504538229208  -0.0000156878743489
  -0.0000388384382282   0.0000467269053620  -0.0000063574420441   0.0000122922949507
  -0.0000098413734067  -0.0000085918378215   0.0000069018179095   0.0000255365030778
   0.0001308844908957  -0.0001137469810263  -0.0000431017943999   0.0000860744749176
   0.0000983799906990  -0.0000697740631927

$redundant_coords
 1 15
   2.6675049028249234   1.8094457365995493   2.0712317971756806   2.0588990084869319
   2.0712323244995896   1.8673458159436849   1.9587191307408331   1.9583429475279608
   1.8980442484108788   1.8904927572914481   1.8883490279368311   1.8980436628938084
  -1.0713301649673070   1.0721048645581432   3.1407778941516922

$redundant_gradients
 1 15
  -0.0000150542463416   0.0000112816859782  -0.0000238970899180   0.0000204468392459
   0.0000171055103421  -0.0000716498948382   0.0000419519148565  -0.0000101774066290
   0.0000137546676426  -0.0000000000000000   0.0000250121632272  -0.0000208419489452
  -0.0000307493178429   0.0000111325094578   0.0000203658391441

$hessian_approx
 18 18
                  0          1          2          3          4          5    
      0     511.306382 -19.035259 -487.582608  -0.498706  -0.015008  -0.058384
      1     -19.035259   1.543142  18.173843   0.037736  -0.154777   0.034813
      2     -487.582608  18.173843 466.841886  -0.110133   0.024155  -0.176890
      3      -0.498706   0.037736  -0.110133   0.660266   0.102306   0.050968
      4      -0.015008  -0.154777   0.024155   0.102306   0.470913  -0.242734
      5      -0.058384   0.034813  -0.176890   0.050968  -0.242734   0.296022
      6      -0.005452  -0.055093   0.037902  -0.165941  -0.082115   0.028397
      7       0.000884   0.015379  -0.007382  -0.138090  -0.349402   0.204506
      8      -0.003023  -0.020094   0.019011   0.069322   0.217226  -0.169814
      9      -0.158117  -0.001264  -0.047714   0.011982  -0.007358  -0.058685
     10      -0.001596  -0.141876  -0.032029  -0.001562   0.006268   0.006631
     11      -0.037027  -0.026950  -0.338891  -0.002097   0.000601   0.010402
     12     -273.945391  10.142875 261.665492  -0.003150  -0.045056   0.024431
     13     262.329068 -10.062402 -250.665664   0.000006   0.007739  -0.001515
     14     216.795014  -7.999154 -207.334977  -0.002331  -0.021094   0.015732
     15     -236.698715   8.911006 226.037062  -0.004451   0.047230   0.013273
     16     -243.278089   8.800535 232.507077  -0.000397   0.019258  -0.001701
     17     270.886029 -10.162458 -259.010140  -0.005729   0.021845   0.024548
                  6          7          8          9         10         11    
      0      -0.005452   0.000884  -0.003023  -0.158117  -0.001596  -0.037027
      1      -0.055093   0.015379  -0.020094  -0.001264  -0.141876  -0.026950
      2       0.037902  -0.007382   0.019011  -0.047714  -0.032029  -0.338891
      3      -0.165941  -0.138090   0.069322   0.011982  -0.001562  -0.002097
      4      -0.082115  -0.349402   0.217226  -0.007358   0.006268   0.000601
      5       0.028397   0.204506  -0.169814  -0.058685   0.006631   0.010402
      6       0.171390   0.137218  -0.066283  -0.000015   0.001154  -0.000146
      7       0.137218   0.333991  -0.197176   0.000048  -0.003712   0.000471
      8      -0.066283  -0.197176   0.150732   0.000066  -0.005077   0.000644
      9      -0.000015   0.000048   0.000066   0.123934   0.002173   0.043511
     10       0.001154  -0.003712  -0.005077   0.002173   0.108106   0.031142
     11      -0.000146   0.000471   0.000644   0.043511   0.031142   0.339812
     12       0.000205  -0.000658  -0.000900   0.008964   0.019316  -0.004217
     13      -0.000657   0.002113   0.002890   0.012558   0.022755  -0.005352
     14      -0.000900   0.002895   0.003959   0.026775   0.050801  -0.011705
     15      -0.000186   0.000598   0.000818   0.013252  -0.019485  -0.000023
     16      -0.000507   0.001631   0.002231  -0.006156   0.008460   0.000087
     17       0.001030  -0.003313  -0.004532   0.036047  -0.051468  -0.000261
                 12         13         14         15         16         17    
      0     -273.945391 262.329068 216.795014 -236.698715 -243.278089 270.886029
      1      10.142875 -10.062402  -7.999154   8.911006   8.800535 -10.162458
      2     261.665492 -250.665664 -207.334977 226.037062 232.507077 -259.010140
      3      -0.003150   0.000006  -0.002331  -0.004451  -0.000397  -0.005729
      4      -0.045056   0.007739  -0.021094   0.047230   0.019258   0.021845
      5       0.024431  -0.001515   0.015732   0.013273  -0.001701   0.024548
      6       0.000205  -0.000657  -0.000900  -0.000186  -0.000507   0.001030
      7      -0.000658   0.002113   0.002895   0.000598   0.001631  -0.003313
      8      -0.000900   0.002890   0.003959   0.000818   0.002231  -0.004532
      9       0.008964   0.012558   0.026775   0.013252  -0.006156   0.036047
     10       0.019316   0.022755   0.050801  -0.019485   0.008460  -0.051468
     11      -0.004217  -0.005352  -0.011705  -0.000023   0.000087  -0.000261
     12     147.030428 -140.705812 -116.337122 126.908945 130.589334 -145.347683
     13     -140.705812 135.192408 111.361973 -121.635164 -125.162612 139.307668
     14     -116.337122 111.361973  92.246500 -100.481436 -103.395421 115.080491
     15     126.908945 -121.635164 -100.481436 109.781155 112.695815 -125.569694
     16     130.589334 -125.162612 -103.395421 112.695815 116.332729 -129.112273
     17     -145.347683 139.307668 115.080491 -125.569694 -129.112273 143.909893

$bmatrix
 15 18
                  0          1          2          3          4          5    
      0      -0.980010  -0.037438  -0.195395   0.980010   0.037438   0.195395
      1       0.000000   0.000000   0.000000  -0.394273  -0.782260   0.482305
      2       0.186921   0.125969   0.974265   0.000000   0.000000   0.000000
      3       0.366289   0.789281  -0.492817   0.000000   0.000000   0.000000
      4       0.479933  -0.818341  -0.316199   0.000000   0.000000   0.000000
      5       0.412028  -0.403227   0.387935   0.031324   0.305104  -0.215563
      6       0.548682  -0.050605  -0.454920  -0.074428   0.045279   0.364619
      7       0.372104   0.517882   0.322142   0.044366  -0.337084  -0.157932
      8      -0.449294   0.466487  -0.443373   0.000000   0.000000   0.000000
      9      -0.567433   0.021162   0.542187   0.000000   0.000000   0.000000
     10      -0.369853  -0.611514  -0.323575   0.000000   0.000000   0.000000
     11      -0.031379  -0.304926   0.215805  -0.466617   0.429829  -0.420324
     12      -0.130835  -0.220202   0.698398   0.152775  -0.345958  -0.699962
     13      -0.031613   0.743202   0.016157   0.130266  -0.564632  -0.545169
     14       0.089411  -0.287032  -0.393447   0.107621  -0.346253  -0.473435
                  6          7          8          9         10         11    
      0       0.000000   0.000000   0.000000   0.000000   0.000000   0.000000
      1       0.394273   0.782260  -0.482305   0.000000   0.000000   0.000000
      2       0.000000   0.000000   0.000000  -0.186921  -0.125969  -0.974265
      3       0.000000   0.000000   0.000000   0.000000   0.000000   0.000000
      4       0.000000   0.000000   0.000000   0.000000   0.000000   0.000000
      5       0.000000   0.000000   0.000000   0.000000   0.000000   0.000000
      6       0.000000   0.000000   0.000000  -0.474255   0.005326   0.090301
      7       0.000000   0.000000   0.000000   0.000000   0.000000   0.000000
      8       0.000000   0.000000   0.000000   0.275334  -0.396597  -0.001547
      9       0.000000   0.000000   0.000000   0.000000   0.000000   0.000000
     10       0.000000   0.000000   0.000000   0.215815   0.421113  -0.095854
     11       0.497996  -0.124902   0.204518   0.000000   0.000000   0.000000
     12      -0.105336   0.338802   0.463400   0.000000   0.000000   0.000000
     13      -0.105336   0.338802   0.463400   0.006683  -0.517371   0.065612
     14      -0.105336   0.338802   0.463400   0.000000   0.000000   0.000000
                 12         13         14         15         16         17    
      0       0.000000   0.000000   0.000000   0.000000   0.000000   0.000000
      1       0.000000   0.000000   0.000000   0.000000   0.000000   0.000000
      2       0.000000   0.000000   0.000000   0.000000   0.000000   0.000000
      3      -0.366289  -0.789281   0.492817   0.000000   0.000000   0.000000
      4       0.000000   0.000000   0.000000  -0.479933   0.818341   0.316199
      5      -0.443352   0.098123  -0.172373   0.000000   0.000000   0.000000
      6       0.000000   0.000000   0.000000   0.000000   0.000000   0.000000
      7       0.000000   0.000000   0.000000  -0.416470  -0.180798  -0.164209
      8       0.000000   0.000000   0.000000   0.173960  -0.069891   0.444920
      9       0.304439  -0.291770  -0.241014   0.262994   0.270609  -0.301173
     10       0.154038   0.190401   0.419429   0.000000   0.000000   0.000000
     11       0.000000   0.000000   0.000000   0.000000   0.000000   0.000000
     12       0.000000   0.000000   0.000000   0.083396   0.227358  -0.461836
     13       0.000000   0.000000   0.000000   0.000000   0.000000   0.000000
     14      -0.091696   0.294483   0.403482   0.000000   0.000000   0.000000

