
$orca_opt_file

$trust
    0.300000000000

$epredict
    0.000000000000

$ediffsc
  1000.000000000000

$ctyp
  3

$coordinates
 1 18
   5.69054742  -2.23157192   1.13098597   8.30472842  -2.13170557   1.65220268
   9.01814350  -0.71624778   0.77949880   5.30339167  -2.49248263  -0.88694296
   4.93414486  -3.85446117   2.14742809   4.69452758  -0.53862486   1.78816280


$constraints
 1
   1.88700282


# redundant internal coordinates
#  nbonds nangles ndihedrals nimpropers ncartesians
# bond  definitions A B
# angle definitions A B C
# dihedral definitions A B C D
# improper torsion definitions A B C D
# cartesian definitions A x/y/z
$redundant_internals
 5 7 3 0 0
   1   0   0
   2   1   0
   3   0   0
   4   0   0
   5   0   0
   1   0   4   0   0
   1   0   3   0   0
   1   0   5   0   0
   3   0   5   0   0
   4   0   5   0  -1
   3   0   4   0   0
   0   1   2   0   0
   2   1   0   5   0
   2   1   0   3   0
   2   1   0   4   0
$energies
 1
 -115.7380511431151575

$gradients
 1 18
  -0.0000052582890280   0.0000297200069923  -0.0001401264887957   0.0000814857098140
  -0.0000275795177299   0.0000135791277451   0.0000071456263336   0.0000086239767173
  -0.0000085352486514   0.0000274947444946   0.0000026025011023  -0.0000252195658526
  -0.0000496416207529   0.0000840793993869   0.0000734085634782  -0.0000612261684914
  -0.0000974463668786   0.0000868936122936

$redundant_coords
 1 15
   2.6675049028249234   1.8094457365995493   2.0712317971756806   2.0588999291303778
   2.0712331272583899   1.8682480816059730   1.9587191307408331   1.9591581433939598
   1.8988463876038690   1.8870028177188836   1.8891606337349716   1.8980436628938084
  -1.0729969679890810   1.0721048645581432  -3.1408455234317891

$redundant_gradients
 1 15
   0.0000874650189586   0.0000131205573228   0.0000193441857689  -0.0000119395194100
  -0.0000226698940466  -0.0000383135641562  -0.0000411710576515   0.0000227828954690
   0.0000243709234265  -0.0000000000000000   0.0000333400765709   0.0000035205537904
  -0.0000115829108548   0.0000066619737064  -0.0000003800328239

$hessian_approx
 18 18
                  0          1          2          3          4          5    
      0     510.052692 -18.993856 -486.383591  -0.498692  -0.015018  -0.058455
      1     -18.993856   1.540472  18.134578   0.037733  -0.154646   0.034803
      2     -486.383591  18.134578 465.696291  -0.110079   0.024124  -0.177154
      3      -0.498692   0.037733  -0.110079   0.660271   0.102309   0.050942
      4      -0.015018  -0.154646   0.024124   0.102309   0.470769  -0.242717
      5      -0.058455   0.034803  -0.177154   0.050942  -0.242717   0.296152
      6      -0.005452  -0.055088   0.037902  -0.165941  -0.082116   0.028397
      7       0.000885   0.015362  -0.007381  -0.138091  -0.349396   0.204505
      8      -0.003022  -0.020117   0.019012   0.069321   0.217233  -0.169814
      9      -0.158422  -0.001311  -0.047809   0.011982  -0.007358  -0.058685
     10      -0.001624  -0.141699  -0.032055  -0.001562   0.006268   0.006631
     11      -0.036965  -0.026964  -0.338869  -0.002097   0.000601   0.010402
     12     -273.338190  10.122901 261.084942  -0.003161  -0.044983   0.024471
     13     262.614973 -10.075382 -250.938823   0.000005   0.007745  -0.001510
     14     216.160037  -7.977644 -206.728210  -0.002344  -0.021109   0.015799
     15     -236.051936   8.889621 225.418635  -0.004460   0.047166   0.013331
     16     -243.605361   8.815893 232.819556  -0.000394   0.019261  -0.001712
     17     270.321996 -10.144657 -258.471070  -0.005743   0.021869   0.024615
                  6          7          8          9         10         11    
      0      -0.005452   0.000885  -0.003022  -0.158422  -0.001624  -0.036965
      1      -0.055088   0.015362  -0.020117  -0.001311  -0.141699  -0.026964
      2       0.037902  -0.007381   0.019012  -0.047809  -0.032055  -0.338869
      3      -0.165941  -0.138091   0.069321   0.011982  -0.001562  -0.002097
      4      -0.082116  -0.349396   0.217233  -0.007358   0.006268   0.000601
      5       0.028397   0.204505  -0.169814  -0.058685   0.006631   0.010402
      6       0.171390   0.137218  -0.066283  -0.000015   0.001154  -0.000146
      7       0.137218   0.333991  -0.197176   0.000048  -0.003712   0.000471
      8      -0.066283  -0.197176   0.150732   0.000066  -0.005077   0.000644
      9      -0.000015   0.000048   0.000066   0.124121   0.002196   0.043472
     10       0.001154  -0.003712  -0.005077   0.002196   0.107914   0.031162
     11      -0.000146   0.000471   0.000644   0.043472   0.031162   0.339817
     12       0.000204  -0.000658  -0.000899   0.009018   0.019343  -0.004231
     13      -0.000659   0.002118   0.002897   0.012609   0.022757  -0.005362
     14      -0.000899   0.002892   0.003956   0.026844   0.050729  -0.011709
     15      -0.000186   0.000598   0.000818   0.013316  -0.019508  -0.000032
     16      -0.000509   0.001637   0.002240  -0.006184   0.008472   0.000091
     17       0.001030  -0.003312  -0.004530   0.036113  -0.051391  -0.000284
                 12         13         14         15         16         17    
      0     -273.338190 262.614973 216.160037 -236.051936 -243.605361 270.321996
      1      10.122901 -10.075382  -7.977644   8.889621   8.815893 -10.144657
      2     261.084942 -250.938823 -206.728210 225.418635 232.819556 -258.471070
      3      -0.003161   0.000005  -0.002344  -0.004460  -0.000394  -0.005743
      4      -0.044983   0.007745  -0.021109   0.047166   0.019261   0.021869
      5       0.024471  -0.001510   0.015799   0.013331  -0.001712   0.024615
      6       0.000204  -0.000659  -0.000899  -0.000186  -0.000509   0.001030
      7      -0.000658   0.002118   0.002892   0.000598   0.001637  -0.003312
      8      -0.000899   0.002897   0.003956   0.000818   0.002240  -0.004530
      9       0.009018   0.012609   0.026844   0.013316  -0.006184   0.036113
     10       0.019343   0.022757   0.050729  -0.019508   0.008472  -0.051391
     11      -0.004231  -0.005362  -0.011709  -0.000032   0.000091  -0.000284
     12     146.739970 -140.893019 -116.024446 126.592158 130.796416 -145.079836
     13     -140.893019 135.819583 111.430714 -121.733910 -125.776821 139.512083
     14     -116.024446 111.430714  91.933599 -100.159192 -103.485583 114.786565
     15     126.592158 -121.733910 -100.159192 109.451108 112.816033 -125.273559
     16     130.796416 -125.776821 -103.485583 112.816033 116.931557 -129.334592
     17     -145.079836 139.512083 114.786565 -125.273559 -129.334592 143.664704

$bmatrix
 15 18
                  0          1          2          3          4          5    
      0      -0.980010  -0.037438  -0.195395   0.980010   0.037438   0.195395
      1       0.000000   0.000000   0.000000  -0.394273  -0.782260   0.482305
      2       0.186921   0.125969   0.974265   0.000000   0.000000   0.000000
      3       0.367382   0.788231  -0.493682   0.000000   0.000000   0.000000
      4       0.480883  -0.817362  -0.317288   0.000000   0.000000   0.000000
      5       0.411721  -0.403103   0.388793   0.031429   0.304764  -0.216028
      6       0.548682  -0.050605  -0.454920  -0.074428   0.045279   0.364619
      7       0.371766   0.517798   0.323089   0.044466  -0.336811  -0.158486
      8      -0.450315   0.466222  -0.443015   0.000000   0.000000   0.000000
      9      -0.566717   0.021141   0.541502   0.000000   0.000000   0.000000
     10      -0.370900  -0.611336  -0.323271   0.000000   0.000000   0.000000
     11      -0.031379  -0.304926   0.215805  -0.466617   0.429829  -0.420324
     12      -0.130786  -0.221444   0.698392   0.152802  -0.345572  -0.700170
     13      -0.031613   0.743202   0.016157   0.130266  -0.564632  -0.545169
     14       0.089421  -0.288119  -0.393292   0.107569  -0.345893  -0.473244
                  6          7          8          9         10         11    
      0       0.000000   0.000000   0.000000   0.000000   0.000000   0.000000
      1       0.394273   0.782260  -0.482305   0.000000   0.000000   0.000000
      2       0.000000   0.000000   0.000000  -0.186921  -0.125969  -0.974265
      3       0.000000   0.000000   0.000000   0.000000   0.000000   0.000000
      4       0.000000   0.000000   0.000000   0.000000   0.000000   0.000000
      5       0.000000   0.000000   0.000000   0.000000   0.000000   0.000000
      6       0.000000   0.000000   0.000000  -0.474255   0.005326   0.090301
      7       0.000000   0.000000   0.000000   0.000000   0.000000   0.000000
      8       0.000000   0.000000   0.000000   0.275966  -0.396157  -0.001725
      9       0.000000   0.000000   0.000000   0.000000   0.000000   0.000000
     10       0.000000   0.000000   0.000000   0.216501   0.420741  -0.095938
     11       0.497996  -0.124902   0.204518   0.000000   0.000000   0.000000
     12      -0.105336   0.338802   0.463400   0.000000   0.000000   0.000000
     13      -0.105336   0.338802   0.463400   0.006683  -0.517371   0.065612
     14      -0.105336   0.338802   0.463400   0.000000   0.000000   0.000000
                 12         13         14         15         16         17    
      0       0.000000   0.000000   0.000000   0.000000   0.000000   0.000000
      1       0.000000   0.000000   0.000000   0.000000   0.000000   0.000000
      2       0.000000   0.000000   0.000000   0.000000   0.000000   0.000000
      3      -0.367382  -0.788231   0.493682   0.000000   0.000000   0.000000
      4       0.000000   0.000000   0.000000  -0.480883   0.817362   0.317288
      5      -0.443151   0.098340  -0.172765   0.000000   0.000000   0.000000
      6       0.000000   0.000000   0.000000   0.000000   0.000000   0.000000
      7       0.000000   0.000000   0.000000  -0.416232  -0.180987  -0.164603
      8       0.000000   0.000000   0.000000   0.174349  -0.070066   0.444739
      9       0.304128  -0.292439  -0.240596   0.262589   0.271298  -0.300906
     10       0.154398   0.190595   0.419208   0.000000   0.000000   0.000000
     11       0.000000   0.000000   0.000000   0.000000   0.000000   0.000000
     12       0.000000   0.000000   0.000000   0.083320   0.228215  -0.461623
     13       0.000000   0.000000   0.000000   0.000000   0.000000   0.000000
     14      -0.091655   0.295210   0.403137   0.000000   0.000000   0.000000

