
$orca_opt_file

$trust
    0.300000000000

$epredict
    0.000000000000

$ediffsc
  1000.000000000000

$ctyp
  3

$coordinates
 1 18
   5.69039814  -2.23186861   1.13116739   8.30457913  -2.13200036   1.65238409
   9.01829279  -0.71595109   0.77931739   5.30324238  -2.49277743  -0.88675966
   4.93511995  -3.85583689   2.14671944   4.69536095  -0.53790676   1.78721794


$constraints
 1
   1.81020115


# redundant internal coordinates
#  nbonds nangles ndihedrals nimpropers ncartesians
# bond  definitions A B
# angle definitions A B C
# dihedral definitions A B C D
# improper torsion definitions A B C D
# cartesian definitions A x/y/z
$redundant_internals
 5 7 3 0 0
   1   0   0
   2   1  -1
   3   0   0
   4   0   0
   5   0   0
   1   0   4   0   0
   1   0   3   0   0
   1   0   5   0   0
   3   0   5   0   0
   4   0   5   0   0
   3   0   4   0   0
   0   1   2   0   0
   2   1   0   5   0
   2   1   0   3   0
   2   1   0   4   0
$energies
 1
 -115.7380511849460447

$gradients
 1 18
  -0.0000960054822663   0.0000225031466962  -0.0000389385740015  -0.0001375707376501
  -0.0003480834441204   0.0002216778545062   0.0001701613259315   0.0003321961121457
  -0.0002058191522141   0.0000110666725048   0.0000051882213152   0.0000006187155340
   0.0000386624126301  -0.0000131635851828   0.0000135648388028   0.0000136858118492
   0.0000013595487791   0.0000088963168408

$redundant_coords
 1 15
   2.6675049735733780   1.8102011453071587   2.0712297180354207   2.0588987526272540
   2.0712334634239493   1.8677979590236811   1.9587193970135970   1.9587500975463130
   1.8984448576261317   1.8887467193777119   1.8887559737850201   1.8980448462867143
  -1.0721629304457836   1.0721043944364279   3.1415602741795170

$redundant_gradients
 1 15
   0.0000347777217297   0.0000000000000000  -0.0000030813150627   0.0000027443418568
  -0.0000026766422760  -0.0000591518176516  -0.0000048247958425  -0.0000052086697984
   0.0000176143878455   0.0000266438795814   0.0000264329161630   0.0000049101699145
  -0.0000085691800495   0.0000070704409460  -0.0000007675786938

$hessian_approx
 18 18
                  0          1          2          3          4          5    
      0       1.037595  -0.002781   0.052867  -0.495374  -0.014448  -0.075226
      1      -0.002781   0.832580  -0.014262   0.037574  -0.154714   0.035415
      2       0.052867  -0.014262   0.836383  -0.113262   0.023590  -0.160949
      3      -0.495374   0.037574  -0.113262 156.029905 308.364913 -190.008708
      4      -0.014448  -0.154714   0.023590 308.364913 612.081560 -377.331970
      5      -0.075226   0.035415  -0.160949 -190.008708 -377.331970 232.790827
      6      -0.005449  -0.055054   0.037877 -155.535574 -308.344722 190.088062
      7       0.000884   0.015361  -0.007376 -308.400660 -611.960136 377.293769
      8      -0.003021  -0.020091   0.019000 190.128960 377.306485 -232.664570
      9      -0.159524  -0.001241  -0.046564   0.011982  -0.007358  -0.058685
     10      -0.000659  -0.141824  -0.032951  -0.001561   0.006266   0.006629
     11      -0.036879  -0.026961  -0.338994  -0.002097   0.000601   0.010402
     12      -0.177424  -0.068477   0.040796  -0.004941  -0.045322   0.033467
     13      -0.062483  -0.275255   0.087123   0.001720   0.008033  -0.010168
     14       0.036413   0.085760  -0.191073  -0.000924  -0.020861   0.008631
     15      -0.199824   0.089980   0.028287  -0.005998   0.046937   0.021090
     16       0.079487  -0.276148  -0.056124  -0.001986   0.018991   0.006324
     17       0.025847  -0.059860  -0.164367  -0.003968   0.022155   0.015659
                  6          7          8          9         10         11    
      0      -0.005449   0.000884  -0.003021  -0.159524  -0.000659  -0.036879
      1      -0.055054   0.015361  -0.020091  -0.001241  -0.141824  -0.026961
      2       0.037877  -0.007376   0.019000  -0.046564  -0.032951  -0.338994
      3     -155.535574 -308.400660 190.128960   0.011982  -0.001561  -0.002097
      4     -308.344722 -611.960136 377.306485  -0.007358   0.006266   0.000601
      5     190.088062 377.293769 -232.664570  -0.058685   0.006629   0.010402
      6     155.541019 308.399788 -190.125923  -0.000015   0.001154  -0.000146
      7     308.399788 611.944737 -377.286445   0.000048  -0.003710   0.000471
      8     -190.125923 -377.286445 232.645500   0.000066  -0.005075   0.000644
      9      -0.000015   0.000048   0.000066   0.124028   0.002184   0.043492
     10       0.001154  -0.003710  -0.005075   0.002184   0.108010   0.031152
     11      -0.000146   0.000471   0.000644   0.043492   0.031152   0.339816
     12       0.000204  -0.000657  -0.000899   0.009664   0.018819  -0.004287
     13      -0.000657   0.002115   0.002892   0.011938   0.023246  -0.005296
     14      -0.000899   0.002892   0.003956   0.026277   0.051169  -0.011657
     15      -0.000186   0.000598   0.000818   0.013865  -0.019937  -0.000082
     16      -0.000508   0.001634   0.002234  -0.005571   0.008011   0.000033
     17       0.001030  -0.003311  -0.004529   0.035414  -0.050925  -0.000210
                 12         13         14         15         16         17    
      0      -0.177424  -0.062483   0.036413  -0.199824   0.079487   0.025847
      1      -0.068477  -0.275255   0.085760   0.089980  -0.276148  -0.059860
      2       0.040796   0.087123  -0.191073   0.028287  -0.056124  -0.164367
      3      -0.004941   0.001720  -0.000924  -0.005998  -0.001986  -0.003968
      4      -0.045322   0.008033  -0.020861   0.046937   0.018991   0.022155
      5       0.033467  -0.010168   0.008631   0.021090   0.006324   0.015659
      6       0.000204  -0.000657  -0.000899  -0.000186  -0.000508   0.001030
      7      -0.000657   0.002115   0.002892   0.000598   0.001634  -0.003311
      8      -0.000899   0.002892   0.003956   0.000818   0.002234  -0.004529
      9       0.009664   0.011938   0.026277   0.013865  -0.005571   0.035414
     10       0.018819   0.023246   0.051169  -0.019937   0.008011  -0.050925
     11      -0.004287  -0.005296  -0.011657  -0.000082   0.000033  -0.000210
     12       0.149315   0.071736  -0.042521   0.023182   0.023902  -0.026556
     13       0.071736   0.264806  -0.100045  -0.022254  -0.022945   0.025493
     14      -0.042521  -0.100045   0.169128  -0.018346  -0.018916   0.021016
     15       0.023182  -0.022254  -0.018346   0.168961  -0.095324  -0.031766
     16       0.023902  -0.022945  -0.018916  -0.095324   0.270458   0.066448
     17      -0.026556   0.025493   0.021016  -0.031766   0.066448   0.132432

$bmatrix
 15 18
                  0          1          2          3          4          5    
      0      -0.980010  -0.037439  -0.195395   0.980010   0.037439   0.195395
      1       0.000000   0.000000   0.000000  -0.394273  -0.782261   0.482304
      2       0.186921   0.125968   0.974265   0.000000   0.000000   0.000000
      3       0.366836   0.788756  -0.493250   0.000000   0.000000   0.000000
      4       0.480408  -0.817852  -0.316744   0.000000   0.000000   0.000000
      5       0.411875  -0.403165   0.388365   0.031376   0.304934  -0.215796
      6       0.548683  -0.050604  -0.454920  -0.074428   0.045278   0.364619
      7       0.371935   0.517841   0.322615   0.044416  -0.336948  -0.158209
      8      -0.449804   0.466356  -0.443193   0.000000   0.000000   0.000000
      9      -0.567075   0.021152   0.541845   0.000000   0.000000   0.000000
     10      -0.370377  -0.611425  -0.323423   0.000000   0.000000   0.000000
     11      -0.031378  -0.304926   0.215805  -0.466409   0.429777  -0.420238
     12      -0.130810  -0.220823   0.698395   0.152745  -0.345624  -0.699873
     13      -0.031614   0.743203   0.016158   0.130223  -0.564491  -0.544977
     14       0.089416  -0.287576  -0.393370   0.107552  -0.345931  -0.473147
                  6          7          8          9         10         11    
      0       0.000000   0.000000   0.000000   0.000000   0.000000   0.000000
      1       0.394273   0.782261  -0.482304   0.000000   0.000000   0.000000
      2       0.000000   0.000000   0.000000  -0.186921  -0.125968  -0.974265
      3       0.000000   0.000000   0.000000   0.000000   0.000000   0.000000
      4       0.000000   0.000000   0.000000   0.000000   0.000000   0.000000
      5       0.000000   0.000000   0.000000   0.000000   0.000000   0.000000
      6       0.000000   0.000000   0.000000  -0.474255   0.005325   0.090301
      7       0.000000   0.000000   0.000000   0.000000   0.000000   0.000000
      8       0.000000   0.000000   0.000000   0.275650  -0.396377  -0.001636
      9       0.000000   0.000000   0.000000   0.000000   0.000000   0.000000
     10       0.000000   0.000000   0.000000   0.216159   0.420928  -0.095896
     11       0.497788  -0.124850   0.204433   0.000000   0.000000   0.000000
     12      -0.105292   0.338660   0.463207   0.000000   0.000000   0.000000
     13      -0.105292   0.338660   0.463207   0.006683  -0.517372   0.065612
     14      -0.105292   0.338660   0.463207   0.000000   0.000000   0.000000
                 12         13         14         15         16         17    
      0       0.000000   0.000000   0.000000   0.000000   0.000000   0.000000
      1       0.000000   0.000000   0.000000   0.000000   0.000000   0.000000
      2       0.000000   0.000000   0.000000   0.000000   0.000000   0.000000
      3      -0.366836  -0.788756   0.493250   0.000000   0.000000   0.000000
      4       0.000000   0.000000   0.000000  -0.480408   0.817852   0.316744
      5      -0.443251   0.098232  -0.172569   0.000000   0.000000   0.000000
      6       0.000000   0.000000   0.000000   0.000000   0.000000   0.000000
      7       0.000000   0.000000   0.000000  -0.416351  -0.180893  -0.164406
      8       0.000000   0.000000   0.000000   0.174154  -0.069978   0.444829
      9       0.304284  -0.292105  -0.240805   0.262792   0.270953  -0.301039
     10       0.154218   0.190498   0.419319   0.000000   0.000000   0.000000
     11       0.000000   0.000000   0.000000   0.000000   0.000000   0.000000
     12       0.000000   0.000000   0.000000   0.083358   0.227787  -0.461729
     13       0.000000   0.000000   0.000000   0.000000   0.000000   0.000000
     14      -0.091676   0.294847   0.403309   0.000000   0.000000   0.000000

