
$orca_opt_file

$trust
    0.300000000000

$epredict
    0.000000000000

$ediffsc
  1000.000000000000

$ctyp
  3

$coordinates
 1 18
   5.69047184  -2.23171932   1.13107668   8.30465283  -2.13185296   1.65229338
   9.01821720  -0.71610038   0.77940810   5.30331797  -2.49263003  -0.88685036
   4.93519554  -3.85568949   2.14662873   4.69543654  -0.53775748   1.78712723


$constraints
 1
   1.80982270


# redundant internal coordinates
#  nbonds nangles ndihedrals nimpropers ncartesians
# bond  definitions A B
# angle definitions A B C
# dihedral definitions A B C D
# improper torsion definitions A B C D
# cartesian definitions A x/y/z
$redundant_internals
 5 7 3 0 0
   1   0   0
   2   1  -1
   3   0   0
   4   0   0
   5   0   0
   1   0   4   0   0
   1   0   3   0   0
   1   0   5   0   0
   3   0   5   0   0
   4   0   5   0   0
   3   0   4   0   0
   0   1   2   0   0
   2   1   0   5   0
   2   1   0   3   0
   2   1   0   4   0
$energies
 1
 -115.7380513079544784

$gradients
 1 18
  -0.0000961170040007   0.0000277962421257  -0.0000423208998405  -0.0000523562725789
  -0.0001905272049278   0.0001257838355223   0.0000851406036762   0.0001711273930737
  -0.0001073861565511   0.0000104406629159   0.0000049516041828   0.0000007319457895
   0.0000397107346093  -0.0000142630616818   0.0000144631202716   0.0000131812806902
   0.0000009150258641   0.0000087281546743

$redundant_coords
 1 15
   2.6675049028249234   1.8098227018241062   2.0712296028533310   2.0588995499416574
   2.0712325555850053   1.8677963595287748   1.9587184051725164   1.9587499474955565
   1.8984464566775705   1.8887483429924301   1.8887555182675588   1.8980440845308642
  -1.0721634849013937   1.0721050863751869   3.1415588323599319

$redundant_gradients
 1 15
   0.0000353315945993   0.0000000000000000  -0.0000030450331393   0.0000036703601802
  -0.0000028512007832  -0.0000619922859430  -0.0000036048082571  -0.0000038615178318
   0.0000173215569060   0.0000269635294788   0.0000265902988353  -0.0000019393715074
  -0.0000092952171393   0.0000078856275460  -0.0000008583244697

$hessian_approx
 18 18
                  0          1          2          3          4          5    
      0       1.037594  -0.002782   0.052866  -0.495372  -0.014449  -0.075225
      1      -0.002782   0.832585  -0.014265   0.037592  -0.154723   0.035425
      2       0.052866  -0.014265   0.836386  -0.113275   0.023595  -0.160957
      3      -0.495372   0.037592  -0.113275 156.029916 308.364708 -190.008899
      4      -0.014449  -0.154723   0.023595 308.364708 612.081022 -377.332291
      5      -0.075225   0.035425  -0.160957 -190.008899 -377.332291 232.791447
      6      -0.005451  -0.055072   0.037889 -155.535586 -308.344516 190.088252
      7       0.000884   0.015366  -0.007379 -308.400473 -611.959589 377.294081
      8      -0.003022  -0.020098   0.019006 190.129163 377.306801 -232.665182
      9      -0.159524  -0.001241  -0.046563   0.011982  -0.007358  -0.058685
     10      -0.000658  -0.141824  -0.032951  -0.001561   0.006267   0.006630
     11      -0.036879  -0.026961  -0.338994  -0.002097   0.000601   0.010402
     12      -0.177423  -0.068477   0.040796  -0.004941  -0.045322   0.033468
     13      -0.062482  -0.275255   0.087123   0.001720   0.008033  -0.010168
     14       0.036413   0.085759  -0.191073  -0.000924  -0.020862   0.008630
     15      -0.199824   0.089980   0.028287  -0.005998   0.046937   0.021090
     16       0.079487  -0.276149  -0.056124  -0.001986   0.018991   0.006323
     17       0.025847  -0.059860  -0.164367  -0.003969   0.022155   0.015660
                  6          7          8          9         10         11    
      0      -0.005451   0.000884  -0.003022  -0.159524  -0.000658  -0.036879
      1      -0.055072   0.015366  -0.020098  -0.001241  -0.141824  -0.026961
      2       0.037889  -0.007379   0.019006  -0.046563  -0.032951  -0.338994
      3     -155.535586 -308.400473 190.129163   0.011982  -0.001561  -0.002097
      4     -308.344516 -611.959589 377.306801  -0.007358   0.006267   0.000601
      5     190.088252 377.294081 -232.665182  -0.058685   0.006630   0.010402
      6     155.541033 308.399600 -190.126126  -0.000015   0.001154  -0.000146
      7     308.399600 611.944185 -377.286754   0.000048  -0.003711   0.000471
      8     -190.126126 -377.286754 232.646106   0.000066  -0.005076   0.000644
      9      -0.000015   0.000048   0.000066   0.124028   0.002184   0.043492
     10       0.001154  -0.003711  -0.005076   0.002184   0.108010   0.031152
     11      -0.000146   0.000471   0.000644   0.043492   0.031152   0.339816
     12       0.000204  -0.000658  -0.000899   0.009664   0.018819  -0.004287
     13      -0.000658   0.002115   0.002893   0.011938   0.023246  -0.005296
     14      -0.000899   0.002893   0.003957   0.026277   0.051169  -0.011657
     15      -0.000186   0.000598   0.000818   0.013865  -0.019937  -0.000082
     16      -0.000508   0.001634   0.002235  -0.005571   0.008011   0.000033
     17       0.001030  -0.003312  -0.004530   0.035414  -0.050925  -0.000210
                 12         13         14         15         16         17    
      0      -0.177423  -0.062482   0.036413  -0.199824   0.079487   0.025847
      1      -0.068477  -0.275255   0.085759   0.089980  -0.276149  -0.059860
      2       0.040796   0.087123  -0.191073   0.028287  -0.056124  -0.164367
      3      -0.004941   0.001720  -0.000924  -0.005998  -0.001986  -0.003969
      4      -0.045322   0.008033  -0.020862   0.046937   0.018991   0.022155
      5       0.033468  -0.010168   0.008630   0.021090   0.006323   0.015660
      6       0.000204  -0.000658  -0.000899  -0.000186  -0.000508   0.001030
      7      -0.000658   0.002115   0.002893   0.000598   0.001634  -0.003312
      8      -0.000899   0.002893   0.003957   0.000818   0.002235  -0.004530
      9       0.009664   0.011938   0.026277   0.013865  -0.005571   0.035414
     10       0.018819   0.023246   0.051169  -0.019937   0.008011  -0.050925
     11      -0.004287  -0.005296  -0.011657  -0.000082   0.000033  -0.000210
     12       0.149314   0.071736  -0.042521   0.023182   0.023902  -0.026556
     13       0.071736   0.264806  -0.100045  -0.022254  -0.022945   0.025493
     14      -0.042521  -0.100045   0.169127  -0.018346  -0.018916   0.021016
     15       0.023182  -0.022254  -0.018346   0.168962  -0.095324  -0.031766
     16       0.023902  -0.022945  -0.018916  -0.095324   0.270458   0.066449
     17      -0.026556   0.025493   0.021016  -0.031766   0.066449   0.132432

$bmatrix
 15 18
                  0          1          2          3          4          5    
      0      -0.980010  -0.037438  -0.195395   0.980010   0.037438   0.195395
      1       0.000000   0.000000   0.000000  -0.394273  -0.782260   0.482304
      2       0.186920   0.125969   0.974265   0.000000   0.000000   0.000000
      3       0.366835   0.788756  -0.493250   0.000000   0.000000   0.000000
      4       0.480407  -0.817852  -0.316744   0.000000   0.000000   0.000000
      5       0.411875  -0.403165   0.388364   0.031376   0.304934  -0.215795
      6       0.548683  -0.050605  -0.454920  -0.074428   0.045279   0.364619
      7       0.371935   0.517840   0.322615   0.044416  -0.336948  -0.158209
      8      -0.449804   0.466356  -0.443194   0.000000   0.000000   0.000000
      9      -0.567075   0.021151   0.541846   0.000000   0.000000   0.000000
     10      -0.370376  -0.611426  -0.323423   0.000000   0.000000   0.000000
     11      -0.031379  -0.304926   0.215805  -0.466513   0.429803  -0.420281
     12      -0.130811  -0.220823   0.698395   0.152766  -0.345695  -0.699969
     13      -0.031613   0.743202   0.016157   0.130244  -0.564561  -0.545073
     14       0.089416  -0.287575  -0.393370   0.107573  -0.346003  -0.473243
                  6          7          8          9         10         11    
      0       0.000000   0.000000   0.000000   0.000000   0.000000   0.000000
      1       0.394273   0.782260  -0.482304   0.000000   0.000000   0.000000
      2       0.000000   0.000000   0.000000  -0.186920  -0.125969  -0.974265
      3       0.000000   0.000000   0.000000   0.000000   0.000000   0.000000
      4       0.000000   0.000000   0.000000   0.000000   0.000000   0.000000
      5       0.000000   0.000000   0.000000   0.000000   0.000000   0.000000
      6       0.000000   0.000000   0.000000  -0.474255   0.005326   0.090301
      7       0.000000   0.000000   0.000000   0.000000   0.000000   0.000000
      8       0.000000   0.000000   0.000000   0.275650  -0.396377  -0.001635
      9       0.000000   0.000000   0.000000   0.000000   0.000000   0.000000
     10       0.000000   0.000000   0.000000   0.216158   0.420928  -0.095896
     11       0.497892  -0.124876   0.204476   0.000000   0.000000   0.000000
     12      -0.105314   0.338731   0.463304   0.000000   0.000000   0.000000
     13      -0.105314   0.338731   0.463304   0.006683  -0.517372   0.065612
     14      -0.105314   0.338731   0.463304   0.000000   0.000000   0.000000
                 12         13         14         15         16         17    
      0       0.000000   0.000000   0.000000   0.000000   0.000000   0.000000
      1       0.000000   0.000000   0.000000   0.000000   0.000000   0.000000
      2       0.000000   0.000000   0.000000   0.000000   0.000000   0.000000
      3      -0.366835  -0.788756   0.493250   0.000000   0.000000   0.000000
      4       0.000000   0.000000   0.000000  -0.480407   0.817852   0.316744
      5      -0.443251   0.098231  -0.172569   0.000000   0.000000   0.000000
      6       0.000000   0.000000   0.000000   0.000000   0.000000   0.000000
      7       0.000000   0.000000   0.000000  -0.416351  -0.180893  -0.164406
      8       0.000000   0.000000   0.000000   0.174154  -0.069979   0.444830
      9       0.304283  -0.292105  -0.240806   0.262792   0.270953  -0.301040
     10       0.154218   0.190498   0.419319   0.000000   0.000000   0.000000
     11       0.000000   0.000000   0.000000   0.000000   0.000000   0.000000
     12       0.000000   0.000000   0.000000   0.083358   0.227787  -0.461729
     13       0.000000   0.000000   0.000000   0.000000   0.000000   0.000000
     14      -0.091676   0.294847   0.403309   0.000000   0.000000   0.000000

