
$orca_opt_file

$trust
    0.300000000000

$epredict
    0.000000000000

$ediffsc
  1000.000000000000

$ctyp
  3

$coordinates
 3 18
   5.68997106  -2.23725244   1.13500731   8.30472842  -2.13170557   1.65220268
   9.02241050  -0.71732303   0.78125436   5.30339167  -2.49248263  -0.88694296
   4.93526924  -3.85554209   2.14653614   4.69551024  -0.53761008   1.78703653

   5.69017653  -2.23427586   1.13287054   8.30408196  -2.13143639   1.65182536
   9.02363568  -0.71776984   0.78190152   5.30276589  -2.49208079  -0.88579690
   4.93525661  -3.85769530   2.14811930   4.69536446  -0.53865766   1.78617423

   5.69025515  -2.23295140   1.13190974   8.30380919  -2.13161453   1.65185106
   9.02449386  -0.71811816   0.78240556   5.30209394  -2.49300819  -0.88591034
   4.93608415  -3.85723818   2.14798903   4.69454484  -0.53898536   1.78684900


$constraints
 1
   1.90328001


# redundant internal coordinates
#  nbonds nangles ndihedrals nimpropers ncartesians
# bond  definitions A B
# angle definitions A B C
# dihedral definitions A B C D
# improper torsion definitions A B C D
# cartesian definitions A x/y/z
$redundant_internals
 5 7 3 0 0
   1   0   0
   2   1   0
   3   0   0
   4   0   0
   5   0   0
   1   0   4   0   0
   1   0   3   0   0
   1   0   5   0   0
   3   0   5   0   0
   4   0   5   0   0
   3   0   4   0   0
   0   1   2   0  -1
   2   1   0   5   0
   2   1   0   3   0
   2   1   0   4   0
$energies
 3
 -115.7380344951714761
 -115.7380477281339211
 -115.7380488049127223

$gradients
 3 18
  -0.0006520887685169  -0.0036421530776042   0.0025140755168362  -0.0001891431889219
   0.0006881115215162  -0.0005472264066160   0.0005604480080710   0.0000007394054598
   0.0001246974872818  -0.0000376703473931   0.0002123530109029  -0.0009982583040433
   0.0005929229377472   0.0017617052766118  -0.0011579711715501  -0.0002744686387471
   0.0009792438632811   0.0000646828787660
  -0.0002118353319379  -0.0009841870245080   0.0006713895261658  -0.0003174647994378
   0.0005962694966510  -0.0005092462746862   0.0004395272770314  -0.0001516172370207
   0.0002085597457377   0.0000323934886949   0.0002174571293167  -0.0001168505504982
   0.0000127940570068   0.0001390047477722  -0.0001036709639678   0.0000445853099782
   0.0001830728877811  -0.0001501814833169
  -0.0000782936814626  -0.0003468385550350   0.0002357552176431  -0.0003900055114248
   0.0004219932644540  -0.0003984425542035   0.0004324611450910  -0.0001240655027028
   0.0001869650650415   0.0000063671435730   0.0000993088876378   0.0000226672333163
  -0.0000060162286102  -0.0000609691951450   0.0000383284039960   0.0000354871344515
   0.0000105711012280  -0.0000852733658625

$redundant_coords
 3 15
   2.6675058087175851   1.8094464600108882   2.0743357906088957   2.0522248394861422
   2.0743381054640189   1.8714153071722535   1.9568516756414727   1.9568828187931644
   1.8942730938945538   1.8911263426325520   1.8911332788866211   1.9032800110706971
  -1.0680364680089676   1.0679768075871823   3.1415580789245010
   2.6669067565315436   1.8091374035217096   2.0716101510033487   2.0581848353407479
   2.0716123786163316   1.8691311844912277   1.9581173178211664   1.9581498357725879
   1.8958464399671082   1.8901030146605846   1.8901107248660109   1.9032800099998088
  -1.0699640060363549   1.0699904493373167  -3.1415840475388443
   2.6666969860780290   1.8092246622639927   2.0712065400702437   2.0590042695287964
   2.0712086827412759   1.8678885552737061   1.9588580940501463   1.9588908847702782
   1.8972179000621194   1.8892086926792768   1.8892183883746991   1.9032800099999927
  -1.0713637129661790   1.0714996495088753  -3.1415281336230181

$redundant_gradients
 3 15
   0.0003096880994892   0.0001621748882067   0.0009542209579656  -0.0021781754931716
   0.0009542472067734   0.0006226274693421  -0.0003457174745140  -0.0003461920267516
  -0.0001808789398306   0.0001461538406622   0.0001459365198593   0.0000000000000000
   0.0003731120411826  -0.0003749338333375  -0.0000009189278547
   0.0000786966560722  -0.0000446695218208   0.0000810332817402  -0.0001656595655149
   0.0000810566208164   0.0002361087303133  -0.0001460506162568  -0.0001461748532262
  -0.0001584671953486   0.0001205045181886   0.0001201620587731  -0.0000000000000000
   0.0002119840735732  -0.0002137489794194  -0.0000010615694023
   0.0000121700727190  -0.0000153142521738  -0.0000354408005377   0.0000690069834586
  -0.0000353828240730   0.0000197255804120  -0.0000243730884428  -0.0000245458318681
  -0.0000770766626476   0.0000578649226111   0.0000575039500153   0.0000000000000000
   0.0000681949887765  -0.0000698109830891  -0.0000009800990849

$hessian_approx
 18 18
                  0          1          2          3          4          5    
      0       1.951549   9.241753  -6.497311  13.724737 -13.121256  12.739991
      1       9.241753  93.715951 -65.825133 142.444254 -131.517242 128.449696
      2      -6.497311 -65.825133  47.458977 -100.997564  93.086723 -91.133674
      3      13.724737 142.444254 -100.997564 218.650075 -201.072494 196.685294
      4     -13.121256 -131.517242  93.086723 -201.072494 186.112955 -181.699121
      5      12.739991 128.449696 -91.133674 196.685294 -181.699121 177.659761
      6     -15.146182 -151.724108 107.484673 -232.364917 214.199240 -209.418415
      7       3.835387  38.437498 -27.226938  58.696890 -54.644128  53.274252
      8      -6.248428 -62.588275  44.344366 -95.727239  88.621760 -86.579958
      9      -0.156976   0.003054  -0.049323   0.008856  -0.005671  -0.060393
     10       0.014004  -0.089525  -0.066302  -0.025170   0.007710  -0.000340
     11      -0.041506  -0.026517  -0.338012   0.013359  -0.004883   0.018169
     12      -0.177663  -0.069281   0.041544  -0.009370  -0.046875   0.033523
     13      -0.058430  -0.289581   0.097870  -0.018931   0.015842  -0.021003
     14       0.033506   0.094980  -0.199423   0.013295  -0.026916   0.016512
     15      -0.195464   0.104328   0.017982  -0.009381   0.047056   0.020002
     16       0.088541  -0.257102  -0.066220  -0.024548   0.024863  -0.003483
     17       0.013747  -0.104749  -0.132235   0.012854   0.022436   0.019191
                  6          7          8          9         10         11    
      0     -15.146182   3.835387  -6.248428  -0.156976   0.014004  -0.041506
      1     -151.724108  38.437498 -62.588275   0.003054  -0.089525  -0.026517
      2     107.484673 -27.226938  44.344366  -0.049323  -0.066302  -0.338012
      3     -232.364917  58.696890 -95.727239   0.008856  -0.025170   0.013359
      4     214.199240 -54.644128  88.621760  -0.005671   0.007710  -0.004883
      5     -209.418415  53.274252 -86.579958  -0.060393  -0.000340   0.018169
      6     247.503057 -62.531272 101.973004   0.002418   0.018047  -0.014416
      7     -62.531272  16.213318 -26.052057  -0.000724  -0.006826   0.001844
      8     101.973004 -26.052057  42.248465   0.001241   0.001294  -0.003846
      9       0.002418  -0.000724   0.001241   0.123348   0.000883   0.044418
     10       0.018047  -0.006826   0.001294   0.000883   0.090368   0.041744
     11      -0.014416   0.001844  -0.003846   0.044418   0.041744   0.341053
     12       0.004083   0.000112  -0.000526   0.008678   0.013692  -0.006324
     13       0.019441   0.000972   0.008628   0.009754   0.006890  -0.013503
     14      -0.014787   0.003937  -0.000131   0.027848   0.062188  -0.006041
     15       0.001544  -0.000395   0.001947   0.013676  -0.021457   0.004470
     16       0.018651  -0.000836   0.008650  -0.007296  -0.008618   0.001315
     17      -0.010059  -0.001039  -0.008896   0.036211  -0.038583  -0.011322
                 12         13         14         15         16         17    
      0      -0.177663  -0.058430   0.033506  -0.195464   0.088541   0.013747
      1      -0.069281  -0.289581   0.094980   0.104328  -0.257102  -0.104749
      2       0.041544   0.097870  -0.199423   0.017982  -0.066220  -0.132235
      3      -0.009370  -0.018931   0.013295  -0.009381  -0.024548   0.012854
      4      -0.046875   0.015842  -0.026916   0.047056   0.024863   0.022436
      5       0.033523  -0.021003   0.016512   0.020002  -0.003483   0.019191
      6       0.004083   0.019441  -0.014787   0.001544   0.018651  -0.010059
      7       0.000112   0.000972   0.003937  -0.000395  -0.000836  -0.001039
      8      -0.000526   0.008628  -0.000131   0.001947   0.008650  -0.008896
      9       0.008678   0.009754   0.027848   0.013676  -0.007296   0.036211
     10       0.013692   0.006890   0.062188  -0.021457  -0.008618  -0.038583
     11      -0.006324  -0.013503  -0.006041   0.004470   0.001315  -0.011322
     12       0.153597   0.078464  -0.046590   0.020675   0.023887  -0.021627
     13       0.078464   0.286948  -0.114092  -0.030296  -0.021071   0.042099
     14      -0.046590  -0.114092   0.179054  -0.013273  -0.020096   0.010030
     15       0.020675  -0.030296  -0.013273   0.168950  -0.099236  -0.031126
     16       0.023887  -0.021071  -0.020096  -0.099236   0.262761   0.079836
     17      -0.021627   0.042099   0.010030  -0.031126   0.079836   0.123231

$bmatrix
 15 18
                  0          1          2          3          4          5    
      0      -0.980072  -0.038001  -0.194976   0.980072   0.038001   0.194976
      1       0.000000   0.000000   0.000000  -0.398339  -0.781272   0.480562
      2       0.187408   0.125558   0.974224   0.000000   0.000000   0.000000
      3       0.366279   0.788870  -0.493481   0.000000   0.000000   0.000000
      4       0.480739  -0.817864  -0.316211   0.000000   0.000000   0.000000
      5       0.412211  -0.403009   0.388324   0.031128   0.305013  -0.215916
      6       0.548528  -0.050001  -0.455371  -0.074317   0.045041   0.364788
      7       0.371809   0.518419   0.322112   0.044505  -0.337162  -0.157996
      8      -0.449778   0.466041  -0.442956   0.000000   0.000000   0.000000
      9      -0.567188   0.021074   0.541897   0.000000   0.000000   0.000000
     10      -0.370507  -0.611520  -0.323375   0.000000   0.000000   0.000000
     11      -0.031124  -0.305027   0.215897  -0.465945   0.431917  -0.421627
     12      -0.130878  -0.219150   0.700588   0.153322  -0.347716  -0.702925
     13      -0.032512   0.744671   0.018291   0.130978  -0.566644  -0.547939
     14       0.089014  -0.286330  -0.391637   0.108182  -0.347926  -0.475981
                  6          7          8          9         10         11    
      0       0.000000   0.000000   0.000000   0.000000   0.000000   0.000000
      1       0.398339   0.781272  -0.480562   0.000000   0.000000   0.000000
      2       0.000000   0.000000   0.000000  -0.187408  -0.125558  -0.974224
      3       0.000000   0.000000   0.000000   0.000000   0.000000   0.000000
      4       0.000000   0.000000   0.000000   0.000000   0.000000   0.000000
      5       0.000000   0.000000   0.000000   0.000000   0.000000   0.000000
      6       0.000000   0.000000   0.000000  -0.474211   0.004960   0.090583
      7       0.000000   0.000000   0.000000   0.000000   0.000000   0.000000
      8       0.000000   0.000000   0.000000   0.275676  -0.396364  -0.001947
      9       0.000000   0.000000   0.000000   0.000000   0.000000   0.000000
     10       0.000000   0.000000   0.000000   0.216031   0.421017  -0.095818
     11       0.497068  -0.126890   0.205730   0.000000   0.000000   0.000000
     12      -0.105532   0.339411   0.464319   0.000000   0.000000   0.000000
     13      -0.105532   0.339411   0.464319   0.007067  -0.517438   0.065328
     14      -0.105532   0.339411   0.464319   0.000000   0.000000   0.000000
                 12         13         14         15         16         17    
      0       0.000000   0.000000   0.000000   0.000000   0.000000   0.000000
      1       0.000000   0.000000   0.000000   0.000000   0.000000   0.000000
      2       0.000000   0.000000   0.000000   0.000000   0.000000   0.000000
      3      -0.366279  -0.788870   0.493481   0.000000   0.000000   0.000000
      4       0.000000   0.000000   0.000000  -0.480739   0.817864   0.316211
      5      -0.443339   0.097995  -0.172408   0.000000   0.000000   0.000000
      6       0.000000   0.000000   0.000000   0.000000   0.000000   0.000000
      7       0.000000   0.000000   0.000000  -0.416314  -0.181257  -0.164115
      8       0.000000   0.000000   0.000000   0.174102  -0.069677   0.444903
      9       0.304477  -0.291945  -0.240705   0.262712   0.270872  -0.301192
     10       0.154477   0.190503   0.419193   0.000000   0.000000   0.000000
     11       0.000000   0.000000   0.000000   0.000000   0.000000   0.000000
     12       0.000000   0.000000   0.000000   0.083088   0.227455  -0.461982
     13       0.000000   0.000000   0.000000   0.000000   0.000000   0.000000
     14      -0.091664   0.294845   0.403298   0.000000   0.000000   0.000000

