
$orca_opt_file

$trust
    0.300000000000

$epredict
    0.000000000000

$ediffsc
  1000.000000000000

$ctyp
  3

$coordinates
 1 18
   5.69054742  -2.23157192   1.13098597   8.30472842  -2.13170557   1.65220268
   9.01814350  -0.71624778   0.77949880   5.30339167  -2.49248263  -0.88694296
   4.93977624  -3.85985445   2.14296833   4.69945221  -0.53356228   1.78252386


$constraints
 1
   1.89572912


# redundant internal coordinates
#  nbonds nangles ndihedrals nimpropers ncartesians
# bond  definitions A B
# angle definitions A B C
# dihedral definitions A B C D
# improper torsion definitions A B C D
# cartesian definitions A x/y/z
$redundant_internals
 5 7 3 0 0
   1   0   0
   2   1   0
   3   0   0
   4   0   0
   5   0   0
   1   0   4   0   0
   1   0   3   0   0
   1   0   5   0   0
   3   0   5   0   0
   4   0   5   0  -1
   3   0   4   0   0
   0   1   2   0   0
   2   1   0   5   0
   2   1   0   3   0
   2   1   0   4   0
$energies
 1
 -115.7380469907791820

$gradients
 1 18
  -0.0004586702137262   0.0000428587591682   0.0003371291658212  -0.0001619584960221
  -0.0000556625575696   0.0000963787040372  -0.0000266567560966   0.0000177348812356
  -0.0000118611923735  -0.0000626162551965   0.0000133999630246   0.0001017211944808
   0.0004020913707859  -0.0004088273464965  -0.0002184015057832   0.0003078103521750
   0.0003904963003795  -0.0003049663657750

$redundant_coords
 1 15
   2.6675049028249234   1.8094457365995493   2.0712317971756806   2.0589001056664498
   2.0712334677721920   1.8659905084625346   1.9587191307408331   1.9571172390392899
   1.8968398624351701   1.8957291197728638   1.8871301543509704   1.8980436628938084
  -1.0688316834145890   1.0721048645581432   3.1384362815551876

$redundant_gradients
 1 15
  -0.0001694055203099   0.0000084934717035  -0.0000888341414576   0.0000691971681608
   0.0000768834733539  -0.0001215763066787   0.0001668774214184  -0.0000597048061430
  -0.0000018484924391  -0.0000000000000000   0.0000128416637213  -0.0000574853173585
  -0.0000595987185586   0.0000177781630257   0.0000515284623025

$hessian_approx
 18 18
                  0          1          2          3          4          5    
      0     513.182941 -19.097333 -489.378290  -0.498728  -0.014994  -0.058278
      1     -19.097333   1.547139  18.232747   0.037740  -0.154970   0.034828
      2     -489.378290  18.232747 468.558471  -0.110214   0.024201  -0.176494
      3      -0.498728   0.037740  -0.110214   0.660258   0.102303   0.051008
      4      -0.014994  -0.154970   0.024201   0.102303   0.471128  -0.242758
      5      -0.058278   0.034828  -0.176494   0.051008  -0.242758   0.295827
      6      -0.005452  -0.055101   0.037903  -0.165941  -0.082112   0.028397
      7       0.000884   0.015404  -0.007384  -0.138090  -0.349410   0.204506
      8      -0.003024  -0.020060   0.019009   0.069322   0.217215  -0.169814
      9      -0.157661  -0.001195  -0.047569   0.011982  -0.007358  -0.058685
     10      -0.001555  -0.142140  -0.031990  -0.001562   0.006268   0.006631
     11      -0.037120  -0.026929  -0.338924  -0.002097   0.000601   0.010402
     12     -274.853681  10.172810 262.534426  -0.003134  -0.045164   0.024371
     13     261.893919 -10.042792 -250.250398   0.000008   0.007729  -0.001523
     14     217.746773  -8.031441 -208.244857  -0.002311  -0.021069   0.015630
     15     -237.667418   8.943078 226.963744  -0.004437   0.047325   0.013187
     16     -242.780920   8.777360 232.032824  -0.000400   0.019254  -0.001684
     17     271.729938 -10.189145 -259.817205  -0.005708   0.021810   0.024449
                  6          7          8          9         10         11    
      0      -0.005452   0.000884  -0.003024  -0.157661  -0.001555  -0.037120
      1      -0.055101   0.015404  -0.020060  -0.001195  -0.142140  -0.026929
      2       0.037903  -0.007384   0.019009  -0.047569  -0.031990  -0.338924
      3      -0.165941  -0.138090   0.069322   0.011982  -0.001562  -0.002097
      4      -0.082112  -0.349410   0.217215  -0.007358   0.006268   0.000601
      5       0.028397   0.204506  -0.169814  -0.058685   0.006631   0.010402
      6       0.171390   0.137218  -0.066283  -0.000015   0.001154  -0.000146
      7       0.137218   0.333991  -0.197176   0.000048  -0.003712   0.000471
      8      -0.066283  -0.197176   0.150732   0.000066  -0.005077   0.000644
      9      -0.000015   0.000048   0.000066   0.123655   0.002138   0.043569
     10       0.001154  -0.003712  -0.005077   0.002138   0.108392   0.031112
     11      -0.000146   0.000471   0.000644   0.043569   0.031112   0.339805
     12       0.000205  -0.000658  -0.000900   0.008883   0.019275  -0.004197
     13      -0.000654   0.002105   0.002879   0.012481   0.022752  -0.005336
     14      -0.000901   0.002899   0.003964   0.026672   0.050908  -0.011700
     15      -0.000186   0.000599   0.000819   0.013156  -0.019450  -0.000009
     16      -0.000504   0.001622   0.002218  -0.006114   0.008440   0.000082
     17       0.001031  -0.003316  -0.004535   0.035948  -0.051584  -0.000227
                 12         13         14         15         16         17    
      0     -274.853681 261.893919 217.746773 -237.667418 -242.780920 271.729938
      1      10.172810 -10.042792  -8.031441   8.943078   8.777360 -10.189145
      2     262.534426 -250.250398 -208.244857 226.963744 232.032824 -259.817205
      3      -0.003134   0.000008  -0.002311  -0.004437  -0.000400  -0.005708
      4      -0.045164   0.007729  -0.021069   0.047325   0.019254   0.021810
      5       0.024371  -0.001523   0.015630   0.013187  -0.001684   0.024449
      6       0.000205  -0.000654  -0.000901  -0.000186  -0.000504   0.001031
      7      -0.000658   0.002105   0.002899   0.000599   0.001622  -0.003316
      8      -0.000900   0.002879   0.003964   0.000819   0.002218  -0.004535
      9       0.008883   0.012481   0.026672   0.013156  -0.006114   0.035948
     10       0.019275   0.022752   0.050908  -0.019450   0.008440  -0.051584
     11      -0.004197  -0.005336  -0.011700  -0.000009   0.000082  -0.000227
     12     147.464596 -140.421882 -116.805548 127.383131 130.275618 -145.748152
     13     -140.421882 134.252609 111.255992 -121.483872 -124.242404 138.998386
     14     -116.805548 111.255992  92.716045 -100.964685 -103.257288 115.520917
     15     127.383131 -121.483872 -100.964685 110.275754 112.512320 -126.013056
     16     130.275618 -124.242404 -103.257288 112.512320 115.435728 -128.776152
     17     -145.748152 138.998386 115.520917 -126.013056 -128.776152 144.276602

$bmatrix
 15 18
                  0          1          2          3          4          5    
      0      -0.980010  -0.037438  -0.195395   0.980010   0.037438   0.195395
      1       0.000000   0.000000   0.000000  -0.394273  -0.782260   0.482305
      2       0.186921   0.125969   0.974265   0.000000   0.000000   0.000000
      3       0.364647   0.790851  -0.491516   0.000000   0.000000   0.000000
      4       0.478505  -0.819806  -0.314565   0.000000   0.000000   0.000000
      5       0.412487  -0.403407   0.386650   0.031165   0.305612  -0.214865
      6       0.548682  -0.050605  -0.454920  -0.074428   0.045279   0.364619
      7       0.372610   0.518003   0.320722   0.044216  -0.337491  -0.157102
      8      -0.447762   0.466880  -0.443909   0.000000   0.000000   0.000000
      9      -0.568503   0.021192   0.543212   0.000000   0.000000   0.000000
     10      -0.368283  -0.611775  -0.324032   0.000000   0.000000   0.000000
     11      -0.031379  -0.304926   0.215805  -0.466617   0.429829  -0.420324
     12      -0.130906  -0.218340   0.698400   0.152734  -0.346534  -0.699647
     13      -0.031613   0.743202   0.016157   0.130266  -0.564632  -0.545169
     14       0.089394  -0.285402  -0.393675   0.107699  -0.346793  -0.473723
                  6          7          8          9         10         11    
      0       0.000000   0.000000   0.000000   0.000000   0.000000   0.000000
      1       0.394273   0.782260  -0.482305   0.000000   0.000000   0.000000
      2       0.000000   0.000000   0.000000  -0.186921  -0.125969  -0.974265
      3       0.000000   0.000000   0.000000   0.000000   0.000000   0.000000
      4       0.000000   0.000000   0.000000   0.000000   0.000000   0.000000
      5       0.000000   0.000000   0.000000   0.000000   0.000000   0.000000
      6       0.000000   0.000000   0.000000  -0.474255   0.005326   0.090301
      7       0.000000   0.000000   0.000000   0.000000   0.000000   0.000000
      8       0.000000   0.000000   0.000000   0.274385  -0.397255  -0.001279
      9       0.000000   0.000000   0.000000   0.000000   0.000000   0.000000
     10       0.000000   0.000000   0.000000   0.214784   0.421668  -0.095728
     11       0.497996  -0.124902   0.204518   0.000000   0.000000   0.000000
     12      -0.105336   0.338802   0.463400   0.000000   0.000000   0.000000
     13      -0.105336   0.338802   0.463400   0.006683  -0.517371   0.065612
     14      -0.105336   0.338802   0.463400   0.000000   0.000000   0.000000
                 12         13         14         15         16         17    
      0       0.000000   0.000000   0.000000   0.000000   0.000000   0.000000
      1       0.000000   0.000000   0.000000   0.000000   0.000000   0.000000
      2       0.000000   0.000000   0.000000   0.000000   0.000000   0.000000
      3      -0.364647  -0.790851   0.491516   0.000000   0.000000   0.000000
      4       0.000000   0.000000   0.000000  -0.478505   0.819806   0.314565
      5      -0.443652   0.097795  -0.171785   0.000000   0.000000   0.000000
      6       0.000000   0.000000   0.000000   0.000000   0.000000   0.000000
      7       0.000000   0.000000   0.000000  -0.416826  -0.180512  -0.163619
      8       0.000000   0.000000   0.000000   0.173376  -0.069625   0.445188
      9       0.304904  -0.290766  -0.241640   0.263600   0.269573  -0.301571
     10       0.153498   0.190107   0.419760   0.000000   0.000000   0.000000
     11       0.000000   0.000000   0.000000   0.000000   0.000000   0.000000
     12       0.000000   0.000000   0.000000   0.083508   0.226073  -0.462152
     13       0.000000   0.000000   0.000000   0.000000   0.000000   0.000000
     14      -0.091757   0.293393   0.403998   0.000000   0.000000   0.000000

