
$orca_opt_file

$trust
    0.300000000000

$epredict
    0.000000000000

$ediffsc
  1000.000000000000

$ctyp
  3

$coordinates
 2 18
   5.69054742  -2.23157192   1.13098597   8.30581501  -2.14007516   1.64826827
   9.01814350  -0.71624778   0.77949880   5.30339167  -2.49248263  -0.88694296
   4.93526924  -3.85554209   2.14653614   4.68928170  -0.54032939   1.78457043

   5.69101042  -2.23121542   1.13092618   8.30620038  -2.13813335   1.64744316
   9.01788315  -0.71826625   0.78064137   5.30271226  -2.49268898  -0.88685228
   4.93570609  -3.85550499   2.14621861   4.68893625  -0.54044000   1.78453960


$constraints
 1
   1.96573219


# redundant internal coordinates
#  nbonds nangles ndihedrals nimpropers ncartesians
# bond  definitions A B
# angle definitions A B C
# dihedral definitions A B C D
# improper torsion definitions A B C D
# cartesian definitions A x/y/z
$redundant_internals
 5 7 3 0 0
   1   0   0
   2   1   0
   3   0   0
   4   0   0
   5   0   0
   1   0   4   0   0
   1   0   3   0   0
   1   0   5   0  -1
   3   0   5   0   0
   4   0   5   0   0
   3   0   4   0   0
   0   1   2   0   0
   2   1   0   5   0
   2   1   0   3   0
   2   1   0   4   0
$energies
 2
 -115.7380401894043018
 -115.7380455903217467

$gradients
 2 18
   0.0002033507796506   0.0009278682553794   0.0002954768023012  -0.0005153004723489
  -0.0025701265761453   0.0010074622843944   0.0006585859822345   0.0018234839408969
  -0.0011498430072675   0.0001202759824243   0.0000659776298210   0.0000186462987952
   0.0001670233685317   0.0000368681577244   0.0000852083288152  -0.0006339356398242
  -0.0002840714076317  -0.0002569507065861
   0.0002996160141287   0.0009150118823085   0.0003597548436354   0.0003899816426022
  -0.0006456300295721  -0.0001507814546735  -0.0001749624908923  -0.0000142727591876
  -0.0000113204192441   0.0000575858894286   0.0000349248668733  -0.0000017137634842
   0.0000747529824430  -0.0000012686141846   0.0000612726516817  -0.0006469740368667
  -0.0002887653475369  -0.0002572118578064

$redundant_coords
 2 15
   2.6675039219316701   1.8136859359823867   2.0712317971756806   2.0588993110536737
   2.0712332041293653   1.8661270299896671   1.9568229744842986   1.9657321915613248
   1.8964527890812648   1.8871149327830303   1.8887542071778063   1.8955750896340091
  -1.0663703466053296   1.0790924240122248  -3.1367693470153473
   2.6673343601762407   1.8093811910616180   2.0713700206933048   2.0590337520432334
   2.0712519531227951   1.8667973095440533   1.9571736730309923   1.9657321821472717
   1.8962628985475094   1.8869138864249093   1.8880830188607334   1.8967970334320332
  -1.0667334030006852   1.0787451796832375  -3.1373156199450705

$redundant_gradients
 2 15
   0.0000876554817772   0.0022402881214510  -0.0000486819365320  -0.0000484986016579
  -0.0000066033187402  -0.0002160970638198  -0.0001131591624973  -0.0000000000000000
   0.0000661171348574   0.0000828952600192   0.0001929111598904  -0.0004384925013521
  -0.0000038463079043  -0.0000025474081493   0.0000330168695210
   0.0001567065019741  -0.0000751248383652  -0.0000132766210549   0.0000036526663421
  -0.0000039355335236  -0.0001114374789328  -0.0000557447825665  -0.0000000000000000
   0.0000329433750605   0.0000390939453636   0.0001016651368283  -0.0002861004302374
  -0.0000002315920051   0.0000008939625924   0.0000232981048636

$hessian_approx
 18 18
                  0          1          2          3          4          5    
      0     181.163143 251.186938 156.481633  20.354823 -163.080178 -76.688548
      1     251.186938 351.095062 218.127584  29.136240 -227.444181 -106.857933
      2     156.481633 218.127584 136.685322  17.999787 -141.569986 -66.706001
      3      20.354823  29.136240  17.999787   3.122418 -18.724141  -8.858038
      4     -163.080178 -227.444181 -141.569986 -18.724141 147.950323  69.148584
      5     -76.688548 -106.857933 -66.706001  -8.858038  69.148584  32.885918
      6       0.011344  -0.060027   0.046235  -0.200868  -0.109480   0.042110
      7       0.051795   0.001417   0.019747  -0.196920  -0.341775   0.190313
      8      -0.035262  -0.011047   0.001460   0.104157   0.206460  -0.156668
      9      -0.157445  -0.004447  -0.046064   0.012957   0.006063  -0.065570
     10      -0.007116  -0.154200  -0.039775  -0.001881   0.020201   0.006631
     11      -0.034923  -0.025146  -0.337379  -0.002676  -0.000998   0.009845
     12      -0.172455  -0.069847   0.043861  -0.003946  -0.030720   0.023978
     13      -0.065406  -0.281479   0.084319   0.000071   0.012348  -0.008838
     14       0.032751   0.075535  -0.194697   0.001003  -0.002266   0.003604
     15     -201.199409 -280.188856 -174.525453 -23.285382 181.938457  85.546067
     16     -88.086033 -123.216618 -76.621890 -10.213368  79.803084  37.521243
     17     -79.755652 -111.308993 -69.448705  -9.244233  72.218206  33.963302
                  6          7          8          9         10         11    
      0       0.011344   0.051795  -0.035262  -0.157445  -0.007116  -0.034923
      1      -0.060027   0.001417  -0.011047  -0.004447  -0.154200  -0.025146
      2       0.046235   0.019747   0.001460  -0.046064  -0.039775  -0.337379
      3      -0.200868  -0.196920   0.104157   0.012957  -0.001881  -0.002676
      4      -0.109480  -0.341775   0.206460   0.006063   0.020201  -0.000998
      5       0.042110   0.190313  -0.156668  -0.065570   0.006631   0.009845
      6       0.195933   0.170462  -0.085175  -0.002604  -0.000214   0.000358
      7       0.170462   0.346263  -0.199364  -0.009968  -0.008796   0.000935
      8      -0.085175  -0.199364   0.148284   0.006480  -0.001788   0.000393
      9      -0.002604  -0.009968   0.006480   0.123175   0.001361   0.043404
     10      -0.000214  -0.008796  -0.001788   0.001361   0.107552   0.031187
     11       0.000358   0.000935   0.000393   0.043404   0.031187   0.339812
     12      -0.002690  -0.012797   0.006959   0.008300   0.018128  -0.004392
     13      -0.000004   0.002135   0.002939   0.011716   0.023132  -0.005288
     14      -0.004409  -0.007961   0.010840   0.025407   0.050730  -0.011761
     15      -0.001114  -0.002571   0.002842   0.015618  -0.010279  -0.001771
     16      -0.000737   0.000755   0.002801  -0.004724   0.012109  -0.000690
     17       0.000880  -0.003670  -0.004309   0.036343  -0.046985  -0.000909
                 12         13         14         15         16         17    
      0      -0.172455  -0.065406   0.032751 -201.199409 -88.086033 -79.755652
      1      -0.069847  -0.281479   0.075535 -280.188856 -123.216618 -111.308993
      2       0.043861   0.084319  -0.194697 -174.525453 -76.621890 -69.448705
      3      -0.003946   0.000071   0.001003 -23.285382 -10.213368  -9.244233
      4      -0.030720   0.012348  -0.002266 181.938457  79.803084  72.218206
      5       0.023978  -0.008838   0.003604  85.546067  37.521243  33.963302
      6      -0.002690  -0.000004  -0.004409  -0.001114  -0.000737   0.000880
      7      -0.012797   0.002135  -0.007961  -0.002571   0.000755  -0.003670
      8       0.006959   0.002939   0.010840   0.002842   0.002801  -0.004309
      9       0.008300   0.011716   0.025407   0.015618  -0.004724   0.036343
     10       0.018128   0.023132   0.050730  -0.010279   0.012109  -0.046985
     11      -0.004392  -0.005288  -0.011761  -0.001771  -0.000690  -0.000909
     12       0.147810   0.071255  -0.043811   0.022981   0.023981  -0.026594
     13       0.071255   0.264823  -0.100402  -0.017631  -0.020958   0.027271
     14      -0.043811  -0.100402   0.168164  -0.010941  -0.015636   0.023852
     15       0.022981  -0.017631  -0.010941 224.447308  98.280880  88.989256
     16       0.023981  -0.020958  -0.015636  98.280880  43.421628  39.114171
     17      -0.026594   0.027271   0.023852  88.989256  39.114171  35.466768

$bmatrix
 15 18
                  0          1          2          3          4          5    
      0      -0.980451  -0.034897  -0.193645   0.980451   0.034897   0.193645
      1       0.000000   0.000000   0.000000  -0.393329  -0.784725   0.479060
      2       0.187460   0.126232   0.974127   0.000000   0.000000   0.000000
      3       0.366825   0.788860  -0.493092   0.000000   0.000000   0.000000
      4       0.483801  -0.816306  -0.315564   0.000000   0.000000   0.000000
      5       0.411809  -0.404323   0.386762   0.031681   0.305205  -0.215408
      6       0.547855  -0.052374  -0.455133  -0.073667   0.045769   0.364737
      7       0.372187   0.519549   0.323231   0.043287  -0.337015  -0.158436
      8      -0.451393   0.464038  -0.442870   0.000000   0.000000   0.000000
      9      -0.568223   0.019997   0.539887   0.000000   0.000000   0.000000
     10      -0.370443  -0.611197  -0.323189   0.000000   0.000000   0.000000
     11      -0.031396  -0.306132   0.214131  -0.467112   0.432390  -0.416611
     12      -0.130804  -0.223636   0.702576   0.151343  -0.340947  -0.704825
     13      -0.029513   0.741293   0.015838   0.128017  -0.560479  -0.547160
     14       0.087973  -0.287587  -0.393591   0.106128  -0.342914  -0.475543
                  6          7          8          9         10         11    
      0       0.000000   0.000000   0.000000   0.000000   0.000000   0.000000
      1       0.393329   0.784725  -0.479060   0.000000   0.000000   0.000000
      2       0.000000   0.000000   0.000000  -0.187460  -0.126232  -0.974127
      3       0.000000   0.000000   0.000000   0.000000   0.000000   0.000000
      4       0.000000   0.000000   0.000000   0.000000   0.000000   0.000000
      5       0.000000   0.000000   0.000000   0.000000   0.000000   0.000000
      6       0.000000   0.000000   0.000000  -0.474188   0.006604   0.090396
      7       0.000000   0.000000   0.000000   0.000000   0.000000   0.000000
      8       0.000000   0.000000   0.000000   0.277048  -0.395360  -0.002082
      9       0.000000   0.000000   0.000000   0.000000   0.000000   0.000000
     10       0.000000   0.000000   0.000000   0.216115   0.420860  -0.096126
     11       0.498508  -0.126258   0.202480   0.000000   0.000000   0.000000
     12      -0.103877   0.336162   0.465363   0.000000   0.000000   0.000000
     13      -0.103877   0.336162   0.465363   0.005373  -0.516976   0.065958
     14      -0.103877   0.336162   0.465363   0.000000   0.000000   0.000000
                 12         13         14         15         16         17    
      0       0.000000   0.000000   0.000000   0.000000   0.000000   0.000000
      1       0.000000   0.000000   0.000000   0.000000   0.000000   0.000000
      2       0.000000   0.000000   0.000000   0.000000   0.000000   0.000000
      3      -0.366825  -0.788860   0.493092   0.000000   0.000000   0.000000
      4       0.000000   0.000000   0.000000  -0.483801   0.816306   0.315564
      5      -0.443490   0.099118  -0.171354   0.000000   0.000000   0.000000
      6       0.000000   0.000000   0.000000   0.000000   0.000000   0.000000
      7       0.000000   0.000000   0.000000  -0.415475  -0.182534  -0.164796
      8       0.000000   0.000000   0.000000   0.174345  -0.068678   0.444952
      9       0.305486  -0.291806  -0.239578   0.262736   0.271809  -0.300309
     10       0.154328   0.190337   0.419315   0.000000   0.000000   0.000000
     11       0.000000   0.000000   0.000000   0.000000   0.000000   0.000000
     12       0.000000   0.000000   0.000000   0.083338   0.228421  -0.463115
     13       0.000000   0.000000   0.000000   0.000000   0.000000   0.000000
     14      -0.090224   0.294339   0.403771   0.000000   0.000000   0.000000

