
$orca_opt_file

$trust
    0.300000000000

$epredict
    0.000000000000

$ediffsc
  1000.000000000000

$ctyp
  3

$coordinates
 1 18
   5.69069482  -2.23127713   1.13080267   8.30487771  -2.13141077   1.65201937
   9.01799421  -0.71654258   0.77968211   5.30354096  -2.49218594  -0.88712437
   4.93541853  -3.85524729   2.14635472   4.69565953  -0.53731528   1.78685322


$constraints
 1
   1.80868998


# redundant internal coordinates
#  nbonds nangles ndihedrals nimpropers ncartesians
# bond  definitions A B
# angle definitions A B C
# dihedral definitions A B C D
# improper torsion definitions A B C D
# cartesian definitions A x/y/z
$redundant_internals
 5 7 3 0 0
   1   0   0
   2   1  -1
   3   0   0
   4   0   0
   5   0   0
   1   0   4   0   0
   1   0   3   0   0
   1   0   5   0   0
   3   0   5   0   0
   4   0   5   0   0
   3   0   4   0   0
   0   1   2   0   0
   2   1   0   5   0
   2   1   0   3   0
   2   1   0   4   0
$energies
 1
 -115.7380512077838830

$gradients
 1 18
  -0.0000962788086853   0.0000412915191184  -0.0000523385880359   0.0002044247234431
   0.0002829408394632  -0.0001620360271388  -0.0001697361744801  -0.0003123189973426
   0.0001881465869048   0.0000081300270044   0.0000046349889053   0.0000010490595167
   0.0000424855659761  -0.0000166056591731   0.0000168610553542   0.0000109746661931
   0.0000000573076880   0.0000083179140447

$redundant_coords
 1 15
   2.6675067547751143   1.8086899833058545   2.0712293648072810   2.0588995499416578
   2.0712325555850053   1.8677964188214367   1.9587182745892062   1.9587500314292088
   1.8984457076328387   1.8887483429924301   1.8887563137061862   1.8980436516780945
  -1.0721618988040391   1.0721056522207892   3.1415603330549353

$redundant_gradients
 1 15
   0.0000383293054029  -0.0000000000000000  -0.0000028827764096   0.0000056837333180
  -0.0000026231212822  -0.0000696222822974   0.0000005005778881   0.0000002873019908
   0.0000157844252663   0.0000272368289750   0.0000269377212233  -0.0000219151485759
  -0.0000113864235543   0.0000099665823320  -0.0000008304488601

$hessian_approx
 18 18
                  0          1          2          3          4          5    
      0       1.037592  -0.002781   0.052865  -0.495365  -0.014451  -0.075221
      1      -0.002781   0.832598  -0.014274   0.037646  -0.154751   0.035455
      2       0.052865  -0.014274   0.836392  -0.113312   0.023612  -0.160980
      3      -0.495365   0.037646  -0.113312 156.029498 308.364437 -190.008100
      4      -0.014451  -0.154751   0.023612 308.364437 612.082543 -377.332044
      5      -0.075221   0.035455  -0.160980 -190.008100 -377.332044 232.790620
      6      -0.005456  -0.055127   0.037927 -155.535175 -308.344243 190.087450
      7       0.000885   0.015380  -0.007387 -308.400256 -611.961082 377.293805
      8      -0.003024  -0.020119   0.019024 190.128401 377.306537 -232.664332
      9      -0.159524  -0.001241  -0.046563   0.011982  -0.007358  -0.058685
     10      -0.000659  -0.141824  -0.032951  -0.001562   0.006269   0.006633
     11      -0.036879  -0.026961  -0.338994  -0.002097   0.000601   0.010402
     12      -0.177423  -0.068477   0.040796  -0.004942  -0.045322   0.033468
     13      -0.062482  -0.275255   0.087123   0.001721   0.008031  -0.010170
     14       0.036413   0.085759  -0.191073  -0.000923  -0.020863   0.008628
     15      -0.199824   0.089980   0.028287  -0.005998   0.046937   0.021089
     16       0.079487  -0.276149  -0.056124  -0.001986   0.018989   0.006322
     17       0.025847  -0.059860  -0.164367  -0.003969   0.022157   0.015663
                  6          7          8          9         10         11    
      0      -0.005456   0.000885  -0.003024  -0.159524  -0.000659  -0.036879
      1      -0.055127   0.015380  -0.020119  -0.001241  -0.141824  -0.026961
      2       0.037927  -0.007387   0.019024  -0.046563  -0.032951  -0.338994
      3     -155.535175 -308.400256 190.128401   0.011982  -0.001562  -0.002097
      4     -308.344243 -611.961082 377.306537  -0.007358   0.006269   0.000601
      5     190.087450 377.293805 -232.664332  -0.058685   0.006633   0.010402
      6     155.540628 308.399382 -190.125361  -0.000015   0.001155  -0.000146
      7     308.399382 611.945664 -377.286469   0.000048  -0.003713   0.000471
      8     -190.125361 -377.286469 232.645238   0.000066  -0.005079   0.000644
      9      -0.000015   0.000048   0.000066   0.124028   0.002184   0.043492
     10       0.001155  -0.003713  -0.005079   0.002184   0.108010   0.031152
     11      -0.000146   0.000471   0.000644   0.043492   0.031152   0.339816
     12       0.000205  -0.000658  -0.000900   0.009664   0.018819  -0.004287
     13      -0.000658   0.002116   0.002895   0.011938   0.023246  -0.005296
     14      -0.000900   0.002895   0.003959   0.026277   0.051169  -0.011657
     15      -0.000186   0.000598   0.000818   0.013865  -0.019937  -0.000082
     16      -0.000508   0.001635   0.002236  -0.005571   0.008011   0.000033
     17       0.001030  -0.003314  -0.004533   0.035414  -0.050925  -0.000210
                 12         13         14         15         16         17    
      0      -0.177423  -0.062482   0.036413  -0.199824   0.079487   0.025847
      1      -0.068477  -0.275255   0.085759   0.089980  -0.276149  -0.059860
      2       0.040796   0.087123  -0.191073   0.028287  -0.056124  -0.164367
      3      -0.004942   0.001721  -0.000923  -0.005998  -0.001986  -0.003969
      4      -0.045322   0.008031  -0.020863   0.046937   0.018989   0.022157
      5       0.033468  -0.010170   0.008628   0.021089   0.006322   0.015663
      6       0.000205  -0.000658  -0.000900  -0.000186  -0.000508   0.001030
      7      -0.000658   0.002116   0.002895   0.000598   0.001635  -0.003314
      8      -0.000900   0.002895   0.003959   0.000818   0.002236  -0.004533
      9       0.009664   0.011938   0.026277   0.013865  -0.005571   0.035414
     10       0.018819   0.023246   0.051169  -0.019937   0.008011  -0.050925
     11      -0.004287  -0.005296  -0.011657  -0.000082   0.000033  -0.000210
     12       0.149314   0.071736  -0.042521   0.023182   0.023902  -0.026556
     13       0.071736   0.264806  -0.100045  -0.022254  -0.022945   0.025493
     14      -0.042521  -0.100045   0.169127  -0.018346  -0.018916   0.021016
     15       0.023182  -0.022254  -0.018346   0.168961  -0.095324  -0.031766
     16       0.023902  -0.022945  -0.018916  -0.095324   0.270458   0.066449
     17      -0.026556   0.025493   0.021016  -0.031766   0.066449   0.132432

$bmatrix
 15 18
                  0          1          2          3          4          5    
      0      -0.980010  -0.037438  -0.195395   0.980010   0.037438   0.195395
      1       0.000000   0.000000   0.000000  -0.394272  -0.782261   0.482303
      2       0.186920   0.125968   0.974265   0.000000   0.000000   0.000000
      3       0.366835   0.788756  -0.493250   0.000000   0.000000   0.000000
      4       0.480407  -0.817852  -0.316744   0.000000   0.000000   0.000000
      5       0.411875  -0.403165   0.388364   0.031376   0.304934  -0.215795
      6       0.548683  -0.050604  -0.454919  -0.074428   0.045279   0.364619
      7       0.371936   0.517840   0.322615   0.044416  -0.336947  -0.158209
      8      -0.449804   0.466356  -0.443194   0.000000   0.000000   0.000000
      9      -0.567075   0.021151   0.541846   0.000000   0.000000   0.000000
     10      -0.370376  -0.611426  -0.323423   0.000000   0.000000   0.000000
     11      -0.031378  -0.304926   0.215805  -0.466825   0.429881  -0.420408
     12      -0.130810  -0.220823   0.698395   0.152832  -0.345906  -0.700260
     13      -0.031613   0.743202   0.016158   0.130310  -0.564772  -0.545364
     14       0.089416  -0.287575  -0.393370   0.107639  -0.346214  -0.473534
                  6          7          8          9         10         11    
      0       0.000000   0.000000   0.000000   0.000000   0.000000   0.000000
      1       0.394272   0.782261  -0.482303   0.000000   0.000000   0.000000
      2       0.000000   0.000000   0.000000  -0.186920  -0.125968  -0.974265
      3       0.000000   0.000000   0.000000   0.000000   0.000000   0.000000
      4       0.000000   0.000000   0.000000   0.000000   0.000000   0.000000
      5       0.000000   0.000000   0.000000   0.000000   0.000000   0.000000
      6       0.000000   0.000000   0.000000  -0.474255   0.005326   0.090301
      7       0.000000   0.000000   0.000000   0.000000   0.000000   0.000000
      8       0.000000   0.000000   0.000000   0.275650  -0.396377  -0.001636
      9       0.000000   0.000000   0.000000   0.000000   0.000000   0.000000
     10       0.000000   0.000000   0.000000   0.216158   0.420928  -0.095896
     11       0.498204  -0.124955   0.204603   0.000000   0.000000   0.000000
     12      -0.105380   0.338942   0.463594   0.000000   0.000000   0.000000
     13      -0.105380   0.338942   0.463594   0.006683  -0.517372   0.065612
     14      -0.105380   0.338942   0.463594   0.000000   0.000000   0.000000
                 12         13         14         15         16         17    
      0       0.000000   0.000000   0.000000   0.000000   0.000000   0.000000
      1       0.000000   0.000000   0.000000   0.000000   0.000000   0.000000
      2       0.000000   0.000000   0.000000   0.000000   0.000000   0.000000
      3      -0.366835  -0.788756   0.493250   0.000000   0.000000   0.000000
      4       0.000000   0.000000   0.000000  -0.480407   0.817852   0.316744
      5      -0.443251   0.098231  -0.172569   0.000000   0.000000   0.000000
      6       0.000000   0.000000   0.000000   0.000000   0.000000   0.000000
      7       0.000000   0.000000   0.000000  -0.416351  -0.180893  -0.164406
      8       0.000000   0.000000   0.000000   0.174154  -0.069979   0.444830
      9       0.304283  -0.292105  -0.240806   0.262792   0.270953  -0.301040
     10       0.154218   0.190498   0.419319   0.000000   0.000000   0.000000
     11       0.000000   0.000000   0.000000   0.000000   0.000000   0.000000
     12       0.000000   0.000000   0.000000   0.083358   0.227787  -0.461729
     13       0.000000   0.000000   0.000000   0.000000   0.000000   0.000000
     14      -0.091676   0.294847   0.403309   0.000000   0.000000   0.000000

