
$orca_opt_file

$trust
    0.300000000000

$epredict
    0.000000000000

$ediffsc
  1000.000000000000

$ctyp
  3

$coordinates
 2 18
   5.69054742  -2.23157192   1.13098597   8.30332435  -2.12124593   1.65710841
   9.01814350  -0.71624778   0.77949880   5.30339167  -2.49248263  -0.88694296
   4.93526924  -3.85554209   2.14653614   4.70331292  -0.53424070   1.79010733

   5.69016847  -2.23214470   1.13119413   8.30295134  -2.12351473   1.65805544
   9.01844964  -0.71363660   0.77800565   5.30428513  -2.49225995  -0.88691968
   4.93429507  -3.85555023   2.14681571   4.70383946  -0.53422485   1.79014244


$constraints
 1
   1.95002485


# redundant internal coordinates
#  nbonds nangles ndihedrals nimpropers ncartesians
# bond  definitions A B
# angle definitions A B C
# dihedral definitions A B C D
# improper torsion definitions A B C D
# cartesian definitions A x/y/z
$redundant_internals
 5 7 3 0 0
   1   0   0
   2   1   0
   3   0   0
   4   0   0
   5   0   0
   1   0   4   0   0
   1   0   3   0   0
   1   0   5   0  -1
   3   0   5   0   0
   4   0   5   0   0
   3   0   4   0   0
   0   1   2   0   0
   2   1   0   5   0
   2   1   0   3   0
   2   1   0   4   0
$energies
 2
 -115.7380341489328970
 -115.7380420654941275

$gradients
 2 18
  -0.0004580161278135  -0.0010811797893395  -0.0004660083428162   0.0007154689292001
   0.0031265053651866  -0.0012247417684362  -0.0008408728353132  -0.0022465414893993
   0.0014466271476614  -0.0001287812606281  -0.0000718047756765  -0.0000227041171678
  -0.0001163481876380  -0.0000789397215472  -0.0000723858247568   0.0008285494812697
   0.0003519604115089   0.0003392129057263
  -0.0005112550708854  -0.0011166548458480  -0.0004962824343679  -0.0004411034405128
   0.0007856091907013   0.0002101008389388   0.0002152411987027   0.0000210572364466
   0.0000097915647423  -0.0000574084940619  -0.0000310009070720   0.0000042588570140
  -0.0000454738120163  -0.0000149938176127  -0.0000645637155338   0.0008399996190334
   0.0003559831431067   0.0003366948894575

$redundant_coords
 2 15
   2.6675044343114065   1.8042130794213074   2.0712317971756806   2.0588993110536737
   2.0712330209643555   1.8698820874767856   1.9610832103363911   1.9500248516468601
   1.9009324988284135   1.8907842717635686   1.8887542071778063   1.9011046565338032
  -1.0794618952569586   1.0633031074641137   3.1354372037062603
   2.6675864816672523   1.8094700292457928   2.0710744135665320   2.0587076748867332
   2.0712290123710564   1.8695118502541512   1.9606589815177966   1.9500248439844756
   1.9010038540961940   1.8908707808414484   1.8894276788518056   1.8996585797119563
  -1.0788552088843937   1.0636899133847211   3.1361684760383817

$redundant_gradients
 2 15
  -0.0000424150143525  -0.0027867111640158   0.0000554308729742   0.0000691323252593
   0.0000014118279134   0.0001240265846391   0.0001360020741206  -0.0000000000000000
  -0.0000460996272324  -0.0000432201453837  -0.0001812481563922   0.0005205593887084
  -0.0000174116560847   0.0000226928837978  -0.0000418327579005
  -0.0001446117901823   0.0000961951304703   0.0000106527313452  -0.0000034717619011
  -0.0000010828146121   0.0000706990895014   0.0000567924297781   0.0000000000000000
  -0.0000213176162316  -0.0000167763529816  -0.0000941081854282   0.0003497778545664
  -0.0000080483701567   0.0000059719153136  -0.0000315169500587

$hessian_approx
 18 18
                  0          1          2          3          4          5    
      0     179.960788 248.675363 155.029095  21.665955 -162.388944 -76.126668
      1     248.675363 346.436355 215.372921  30.854753 -225.752910 -105.698145
      2     155.029095 215.372921 135.069449  19.082333 -140.605054 -66.037953
      3      21.665955  30.854753  19.082333   3.453871 -19.961437  -9.403678
      4     -162.388944 -225.752910 -140.605054 -19.961437 147.720501  68.797140
      5     -76.126668 -105.698145 -66.037953  -9.403678  68.797140  32.626586
      6       0.008644  -0.056643   0.047981  -0.203153  -0.113943   0.043729
      7       0.040363   0.012120   0.019237  -0.192294  -0.345940   0.193713
      8      -0.028581  -0.018362   0.002239   0.103110   0.214284  -0.163181
      9      -0.158628  -0.004022  -0.046224   0.013155   0.002953  -0.063939
     10      -0.008353  -0.154512  -0.039181  -0.001741   0.019886   0.006353
     11      -0.035011  -0.024841  -0.337552  -0.002763  -0.001280   0.010021
     12      -0.174868  -0.068700   0.042006  -0.004040  -0.037833   0.028425
     13      -0.065530  -0.281119   0.084082   0.000392   0.013881  -0.010014
     14       0.030992   0.076425  -0.196688   0.001313  -0.005337   0.005461
     15     -201.301889 -279.400751 -174.155192 -24.925788 182.499205  85.522131
     16     -86.252899 -120.259935 -74.832006 -10.699673  78.344581  36.710953
     17     -78.869827 -109.707997 -68.499494  -9.780316  71.600247  33.559064
                  6          7          8          9         10         11    
      0       0.008644   0.040363  -0.028581  -0.158628  -0.008353  -0.035011
      1      -0.056643   0.012120  -0.018362  -0.004022  -0.154512  -0.024841
      2       0.047981   0.019237   0.002239  -0.046224  -0.039181  -0.337552
      3      -0.203153  -0.192294   0.103110   0.013155  -0.001741  -0.002763
      4      -0.113943  -0.345940   0.214284   0.002953   0.019886  -0.001280
      5       0.043729   0.193713  -0.163181  -0.063939   0.006353   0.010021
      6       0.200254   0.172835  -0.088194  -0.001944  -0.000124   0.000455
      7       0.172835   0.343673  -0.202495  -0.007643  -0.008718   0.001123
      8      -0.088194  -0.202495   0.154044   0.005154  -0.001821   0.000262
      9      -0.001944  -0.007643   0.005154   0.123094   0.002127   0.043429
     10      -0.000124  -0.008718  -0.001821   0.002127   0.107985   0.031009
     11       0.000455   0.001123   0.000262   0.043429   0.031009   0.339841
     12      -0.001256  -0.007153   0.003358   0.009042   0.018435  -0.004336
     13      -0.000437   0.000488   0.004058   0.011613   0.023041  -0.005297
     14      -0.004125  -0.005930   0.009661   0.025750   0.050851  -0.011746
     15      -0.002545  -0.006108   0.005152   0.015280  -0.010344  -0.001774
     16      -0.001687  -0.001623   0.004336  -0.005028   0.012317  -0.000713
     17       0.000153  -0.005649  -0.003026   0.035831  -0.047211  -0.000827
                 12         13         14         15         16         17    
      0      -0.174868  -0.065530   0.030992 -201.301889 -86.252899 -78.869827
      1      -0.068700  -0.281119   0.076425 -279.400751 -120.259935 -109.707997
      2       0.042006   0.084082  -0.196688 -174.155192 -74.832006 -68.499494
      3      -0.004040   0.000392   0.001313 -24.925788 -10.699673  -9.780316
      4      -0.037833   0.013881  -0.005337 182.499205  78.344581  71.600247
      5       0.028425  -0.010014   0.005461  85.522131  36.710953  33.559064
      6      -0.001256  -0.000437  -0.004125  -0.002545  -0.001687   0.000153
      7      -0.007153   0.000488  -0.005930  -0.006108  -0.001623  -0.005649
      8       0.003358   0.004058   0.009661   0.005152   0.004336  -0.003026
      9       0.009042   0.011613   0.025750   0.015280  -0.005028   0.035831
     10       0.018435   0.023041   0.050851  -0.010344   0.012317  -0.047211
     11      -0.004336  -0.005297  -0.011746  -0.001774  -0.000713  -0.000827
     12       0.148420   0.071716  -0.042840   0.022702   0.023537  -0.026614
     13       0.071716   0.264668  -0.100200  -0.017752  -0.020960   0.027371
     14      -0.042840  -0.100200   0.169192  -0.011089  -0.015810   0.024121
     15       0.022702  -0.017752  -0.011089 226.192240  96.935750  88.640771
     16       0.023537  -0.020960  -0.015810  96.935750  41.925621  38.133240
     17      -0.026614   0.027371   0.024121  88.640771  38.133240  34.920163

$bmatrix
 15 18
                  0          1          2          3          4          5    
      0      -0.979456  -0.040722  -0.197505   0.979456   0.040722   0.197505
      1       0.000000   0.000000   0.000000  -0.395419  -0.779166   0.486358
      2       0.186320   0.125594   0.974428   0.000000   0.000000   0.000000
      3       0.367159   0.788556  -0.493330   0.000000   0.000000   0.000000
      4       0.476205  -0.819764  -0.318144   0.000000   0.000000   0.000000
      5       0.411938  -0.401854   0.390474   0.030953   0.304603  -0.216303
      6       0.549678  -0.048289  -0.454720  -0.075355   0.044629   0.364497
      7       0.371584   0.515786   0.321753   0.045845  -0.336893  -0.157890
      8      -0.447797   0.469194  -0.443559   0.000000   0.000000   0.000000
      9      -0.565766   0.022637   0.544076   0.000000   0.000000   0.000000
     10      -0.370483  -0.611524  -0.323738   0.000000   0.000000   0.000000
     11      -0.031326  -0.303416   0.217911  -0.466045   0.426583  -0.424966
     12      -0.130769  -0.217251   0.693295   0.154603  -0.351816  -0.694162
     13      -0.034351   0.745619   0.016615   0.133126  -0.569862  -0.542696
     14       0.091267  -0.287700  -0.393289   0.109411  -0.349934  -0.470437
                  6          7          8          9         10         11    
      0       0.000000   0.000000   0.000000   0.000000   0.000000   0.000000
      1       0.395419   0.779166  -0.486358   0.000000   0.000000   0.000000
      2       0.000000   0.000000   0.000000  -0.186320  -0.125594  -0.974428
      3       0.000000   0.000000   0.000000   0.000000   0.000000   0.000000
      4       0.000000   0.000000   0.000000   0.000000   0.000000   0.000000
      5       0.000000   0.000000   0.000000   0.000000   0.000000   0.000000
      6       0.000000   0.000000   0.000000  -0.474323   0.003660   0.090223
      7       0.000000   0.000000   0.000000   0.000000   0.000000   0.000000
      8       0.000000   0.000000   0.000000   0.273898  -0.397636  -0.001121
      9       0.000000   0.000000   0.000000   0.000000   0.000000   0.000000
     10       0.000000   0.000000   0.000000   0.216352   0.420932  -0.095623
     11       0.497371  -0.123166   0.207055   0.000000   0.000000   0.000000
     12      -0.107171   0.342107   0.460939   0.000000   0.000000   0.000000
     13      -0.107171   0.342107   0.460939   0.008395  -0.517864   0.065142
     14      -0.107171   0.342107   0.460939   0.000000   0.000000   0.000000
                 12         13         14         15         16         17    
      0       0.000000   0.000000   0.000000   0.000000   0.000000   0.000000
      1       0.000000   0.000000   0.000000   0.000000   0.000000   0.000000
      2       0.000000   0.000000   0.000000   0.000000   0.000000   0.000000
      3      -0.367159  -0.788556   0.493330   0.000000   0.000000   0.000000
      4       0.000000   0.000000   0.000000  -0.476205   0.819764   0.318144
      5      -0.442890   0.097251  -0.174171   0.000000   0.000000   0.000000
      6       0.000000   0.000000   0.000000   0.000000   0.000000   0.000000
      7       0.000000   0.000000   0.000000  -0.417429  -0.178893  -0.163863
      8       0.000000   0.000000   0.000000   0.173898  -0.071558   0.444679
      9       0.302805  -0.292534  -0.242235   0.262961   0.269897  -0.301841
     10       0.154131   0.190592   0.419361   0.000000   0.000000   0.000000
     11       0.000000   0.000000   0.000000   0.000000   0.000000   0.000000
     12       0.000000   0.000000   0.000000   0.083336   0.226960  -0.460071
     13       0.000000   0.000000   0.000000   0.000000   0.000000   0.000000
     14      -0.093508   0.295527   0.402787   0.000000   0.000000   0.000000

