
$orca_opt_file

$trust
    0.300000000000

$epredict
    0.000000000000

$ediffsc
  1000.000000000000

$ctyp
  3

$coordinates
 1 18
   5.69027341  -2.23110894   1.13116550   8.30445630  -2.13124258   1.65238220
   9.01787138  -0.71578480   0.77967833   5.30311955  -2.49201965  -0.88676344
   4.93499712  -3.85507911   2.14671566   4.69578236  -0.53807306   1.78685700


$constraints
 1
   2.07010007


# redundant internal coordinates
#  nbonds nangles ndihedrals nimpropers ncartesians
# bond  definitions A B
# angle definitions A B C
# dihedral definitions A B C D
# improper torsion definitions A B C D
# cartesian definitions A x/y/z
$redundant_internals
 5 7 3 0 0
   1   0   0
   2   1   0
   3   0   0
   4   0   0
   5   0  -1
   1   0   4   0   0
   1   0   3   0   0
   1   0   5   0   0
   3   0   5   0   0
   4   0   5   0   0
   3   0   4   0   0
   0   1   2   0   0
   2   1   0   5   0
   2   1   0   3   0
   2   1   0   4   0
$energies
 1
 -115.7380511078739289

$gradients
 1 18
  -0.0002463631446740   0.0003191587269735   0.0000690635105128   0.0000144767976567
  -0.0000308384194707   0.0000287383113219   0.0000004390355967   0.0000101966208751
  -0.0000100331937382   0.0000064689577951   0.0000153435485613   0.0000040530317592
   0.0000372916310728  -0.0000059903075316   0.0000197336954653   0.0001876867235990
  -0.0003078701683630  -0.0001115553554129

$redundant_coords
 1 15
   2.6675067547751161   1.8094457365995484   2.0712314439478958   2.0588986178350361
   2.0701000688034283   1.8677967449287960   1.9587180938813606   1.9587499661295980
   1.8984463242272482   1.8887490145695496   1.8887549070861966   1.8980437221908046
  -1.0721632531471530   1.0721049242980141   3.1415579892856340

$redundant_gradients
 1 15
   0.0000178340561472   0.0000124197454630  -0.0000068476300806   0.0000006317352970
   0.0000000000000000  -0.0000593235162981   0.0000032317542498  -0.0000008505418239
   0.0000075020268273   0.0000180748020381   0.0000326393098996  -0.0000090421277973
  -0.0000104185201423   0.0000012360612476   0.0000054736997556

$hessian_approx
 18 18
                  0          1          2          3          4          5    
      0     231.747624 -392.766458 -152.059558  -0.495363  -0.014491  -0.075243
      1     -392.766458 669.479326 258.944131   0.037614  -0.154764   0.035421
      2     -152.059558 258.944131 101.127934  -0.113283   0.023575  -0.160979
      3      -0.495363   0.037614  -0.113283   0.660267   0.102306   0.050954
      4      -0.014491  -0.154764   0.023575   0.102306   0.470855  -0.242719
      5      -0.075243   0.035421  -0.160979   0.050954  -0.242719   0.296089
      6      -0.005452  -0.055090   0.037901  -0.165941  -0.082115   0.028397
      7       0.000884   0.015370  -0.007380  -0.138090  -0.349399   0.204506
      8      -0.003023  -0.020107   0.019014   0.069321   0.217229  -0.169814
      9      -0.159543  -0.001225  -0.046595   0.011982  -0.007358  -0.058685
     10      -0.000630  -0.141846  -0.032906  -0.001562   0.006268   0.006631
     11      -0.036879  -0.026961  -0.338993  -0.002097   0.000601   0.010402
     12      -0.177454  -0.068490   0.040827  -0.004941  -0.045322   0.033468
     13      -0.062454  -0.275243   0.087093   0.001721   0.008032  -0.010169
     14       0.036436   0.085769  -0.191098  -0.000924  -0.020862   0.008629
     15     -230.909811 392.853649 152.140707  -0.006003   0.046980   0.021109
     16     392.843148 -668.922841 -259.014515  -0.001988   0.019008   0.006330
     17     152.138265 -259.018254 -100.455878  -0.003972   0.022175   0.015672
                  6          7          8          9         10         11    
      0      -0.005452   0.000884  -0.003023  -0.159543  -0.000630  -0.036879
      1      -0.055090   0.015370  -0.020107  -0.001225  -0.141846  -0.026961
      2       0.037901  -0.007380   0.019014  -0.046595  -0.032906  -0.338993
      3      -0.165941  -0.138090   0.069321   0.011982  -0.001562  -0.002097
      4      -0.082115  -0.349399   0.217229  -0.007358   0.006268   0.000601
      5       0.028397   0.204506  -0.169814  -0.058685   0.006631   0.010402
      6       0.171390   0.137218  -0.066283  -0.000015   0.001154  -0.000146
      7       0.137218   0.333991  -0.197176   0.000048  -0.003712   0.000471
      8      -0.066283  -0.197176   0.150732   0.000066  -0.005077   0.000644
      9      -0.000015   0.000048   0.000066   0.124035   0.002173   0.043492
     10       0.001154  -0.003712  -0.005077   0.002173   0.108026   0.031152
     11      -0.000146   0.000471   0.000644   0.043492   0.031152   0.339815
     12       0.000204  -0.000658  -0.000900   0.009664   0.018819  -0.004287
     13      -0.000658   0.002115   0.002893   0.011938   0.023246  -0.005296
     14      -0.000900   0.002894   0.003958   0.026277   0.051169  -0.011657
     15      -0.000186   0.000598   0.000818   0.013877  -0.019955  -0.000082
     16      -0.000508   0.001635   0.002237  -0.005576   0.008018   0.000033
     17       0.001031  -0.003315  -0.004533   0.035446  -0.050970  -0.000210
                 12         13         14         15         16         17    
      0      -0.177454  -0.062454   0.036436 -230.909811 392.843148 152.138265
      1      -0.068490  -0.275243   0.085769 392.853649 -668.922841 -259.018254
      2       0.040827   0.087093  -0.191098 152.140707 -259.014515 -100.455878
      3      -0.004941   0.001721  -0.000924  -0.006003  -0.001988  -0.003972
      4      -0.045322   0.008032  -0.020862   0.046980   0.019008   0.022175
      5       0.033468  -0.010169   0.008629   0.021109   0.006330   0.015672
      6       0.000204  -0.000658  -0.000900  -0.000186  -0.000508   0.001031
      7      -0.000658   0.002115   0.002894   0.000598   0.001635  -0.003315
      8      -0.000900   0.002893   0.003958   0.000818   0.002237  -0.004533
      9       0.009664   0.011938   0.026277   0.013877  -0.005576   0.035446
     10       0.018819   0.023246   0.051169  -0.019955   0.008018  -0.050970
     11      -0.004287  -0.005296  -0.011657  -0.000082   0.000033  -0.000210
     12       0.149324   0.071727  -0.042528   0.023203   0.023923  -0.026580
     13       0.071727   0.264815  -0.100038  -0.022274  -0.022966   0.025516
     14      -0.042528  -0.100038   0.169133  -0.018362  -0.018932   0.021035
     15       0.023203  -0.022274  -0.018362 230.878921 -392.858999 -152.144190
     16       0.023923  -0.022966  -0.018932 -392.858999 668.917145 259.024848
     17      -0.026580   0.025516   0.021035 -152.144190 259.024848 100.423915

$bmatrix
 15 18
                  0          1          2          3          4          5    
      0      -0.980010  -0.037438  -0.195395   0.980010   0.037438   0.195395
      1       0.000000   0.000000   0.000000  -0.394273  -0.782260   0.482305
      2       0.186920   0.125969   0.974265   0.000000   0.000000   0.000000
      3       0.366835   0.788757  -0.493249   0.000000   0.000000   0.000000
      4       0.480407  -0.817852  -0.316744   0.000000   0.000000   0.000000
      5       0.411875  -0.403165   0.388363   0.031376   0.304934  -0.215795
      6       0.548682  -0.050605  -0.454919  -0.074428   0.045279   0.364619
      7       0.372163   0.517939   0.322705   0.044416  -0.336948  -0.158209
      8      -0.449899   0.466394  -0.443438   0.000000   0.000000   0.000000
      9      -0.567219   0.021003   0.542010   0.000000   0.000000   0.000000
     10      -0.370375  -0.611426  -0.323424   0.000000   0.000000   0.000000
     11      -0.031379  -0.304926   0.215805  -0.466617   0.429828  -0.420323
     12      -0.130856  -0.220947   0.698647   0.152788  -0.345765  -0.700066
     13      -0.031613   0.743201   0.016157   0.130266  -0.564631  -0.545169
     14       0.089416  -0.287575  -0.393370   0.107595  -0.346073  -0.473339
                  6          7          8          9         10         11    
      0       0.000000   0.000000   0.000000   0.000000   0.000000   0.000000
      1       0.394273   0.782260  -0.482305   0.000000   0.000000   0.000000
      2       0.000000   0.000000   0.000000  -0.186920  -0.125969  -0.974265
      3       0.000000   0.000000   0.000000   0.000000   0.000000   0.000000
      4       0.000000   0.000000   0.000000   0.000000   0.000000   0.000000
      5       0.000000   0.000000   0.000000   0.000000   0.000000   0.000000
      6       0.000000   0.000000   0.000000  -0.474255   0.005326   0.090301
      7       0.000000   0.000000   0.000000   0.000000   0.000000   0.000000
      8       0.000000   0.000000   0.000000   0.275650  -0.396377  -0.001635
      9       0.000000   0.000000   0.000000   0.000000   0.000000   0.000000
     10       0.000000   0.000000   0.000000   0.216158   0.420928  -0.095896
     11       0.497996  -0.124902   0.204518   0.000000   0.000000   0.000000
     12      -0.105336   0.338802   0.463400   0.000000   0.000000   0.000000
     13      -0.105336   0.338802   0.463400   0.006683  -0.517371   0.065612
     14      -0.105336   0.338802   0.463400   0.000000   0.000000   0.000000
                 12         13         14         15         16         17    
      0       0.000000   0.000000   0.000000   0.000000   0.000000   0.000000
      1       0.000000   0.000000   0.000000   0.000000   0.000000   0.000000
      2       0.000000   0.000000   0.000000   0.000000   0.000000   0.000000
      3      -0.366835  -0.788757   0.493249   0.000000   0.000000   0.000000
      4       0.000000   0.000000   0.000000  -0.480407   0.817852   0.316744
      5      -0.443251   0.098232  -0.172569   0.000000   0.000000   0.000000
      6       0.000000   0.000000   0.000000   0.000000   0.000000   0.000000
      7       0.000000   0.000000   0.000000  -0.416579  -0.180992  -0.164496
      8       0.000000   0.000000   0.000000   0.174249  -0.070017   0.445073
      9       0.304284  -0.292104  -0.240806   0.262936   0.271101  -0.301204
     10       0.154217   0.190498   0.419319   0.000000   0.000000   0.000000
     11       0.000000   0.000000   0.000000   0.000000   0.000000   0.000000
     12       0.000000   0.000000   0.000000   0.083404   0.227911  -0.461982
     13       0.000000   0.000000   0.000000   0.000000   0.000000   0.000000
     14      -0.091676   0.294846   0.403310   0.000000   0.000000   0.000000

