
$orca_opt_file

$trust
    0.300000000000

$epredict
    0.000000000000

$ediffsc
  1000.000000000000

$ctyp
  3

$coordinates
 1 18
   5.68962146  -2.23160783   1.13080078   8.30565438  -2.13166966   1.65238598
   9.01906946  -0.71621187   0.77968400   5.30246571  -2.49251854  -0.88712626
   4.93434328  -3.85557800   2.14635283   4.69458427  -0.53764598   1.78685133


$constraints
 1
   2.66939450


# redundant internal coordinates
#  nbonds nangles ndihedrals nimpropers ncartesians
# bond  definitions A B
# angle definitions A B C
# dihedral definitions A B C D
# improper torsion definitions A B C D
# cartesian definitions A x/y/z
$redundant_internals
 5 7 3 0 0
   1   0  -1
   2   1   0
   3   0   0
   4   0   0
   5   0   0
   1   0   4   0   0
   1   0   3   0   0
   1   0   5   0   0
   3   0   5   0   0
   4   0   5   0   0
   3   0   4   0   0
   0   1   2   0   0
   2   1   0   5   0
   2   1   0   3   0
   2   1   0   4   0
$energies
 1
 -115.7380506593023597

$gradients
 1 18
  -0.0006157033949533  -0.0000190563948222  -0.0001263271739402   0.0006798030353599
   0.0000390569837555   0.0001242978943416   0.0000452534838557  -0.0000046790248115
   0.0000120894738231  -0.0000459509617548  -0.0000011491926849  -0.0000203093625286
  -0.0000164800846833  -0.0000208152919285   0.0000064973162747  -0.0000469220789856
   0.0000066429202286   0.0000037518523358

$redundant_coords
 1 15
   2.6693945047363936   1.8094448251768320   2.0712299560814298   2.0589002431599805
   2.0712334634239493   1.8677976810227577   1.9587190789418234   1.9587504939049354
   1.8984456066702784   1.8887472713757669   1.8887548183584864   1.8980445332479881
  -1.0721626837308311   1.0721056851346213   3.1415597957557813

$redundant_gradients
 1 15
   0.0000000000000000   0.0000077792054272   0.0000287680167219   0.0000255210234018
   0.0000291287615938  -0.0000085287628856   0.0000470547377420   0.0000468224314079
  -0.0000366745462744  -0.0000264324689117  -0.0000267902158288   0.0000849297387754
  -0.0000117974206208   0.0000104094587882  -0.0000008463088938

$hessian_approx
 18 18
                  0          1          2          3          4          5    
      0     960.960295  36.668373 191.442532 -960.418205 -36.685607 -191.464896
      1      36.668373   2.233089   7.297274 -36.633617  -1.555336  -7.276117
      2     191.442532   7.297274  38.995306 -191.502908  -7.287935 -38.319973
      3     -960.418205 -36.633617 -191.502908 960.583051  36.773566 191.440574
      4     -36.685607  -1.555336  -7.287935  36.773566   1.871415   7.068751
      5     -191.464896  -7.276117 -38.319973 191.440574   7.068751  38.454994
      6      -0.005446  -0.055013   0.037857  -0.165886  -0.082224   0.028442
      7       0.000887   0.015338  -0.007388  -0.138125  -0.349308   0.204582
      8      -0.003013  -0.020095   0.018964   0.069312   0.217289  -0.169653
      9      -0.159461  -0.001252  -0.046650   0.011966  -0.007348  -0.058607
     10      -0.000662  -0.141760  -0.032948  -0.001550   0.006219   0.006584
     11      -0.036891  -0.026967  -0.338978  -0.002095   0.000606   0.010393
     12      -0.177387  -0.068551   0.040849  -0.004934  -0.045266   0.033418
     13      -0.062494  -0.275225   0.087129   0.001714   0.008035  -0.010137
     14       0.036420   0.085751  -0.191024  -0.000928  -0.020816   0.008644
     15      -0.199795   0.090061   0.028321  -0.005992   0.046879   0.021070
     16       0.079504  -0.276106  -0.056132  -0.001988   0.018976   0.006336
     17       0.025848  -0.059845  -0.164296  -0.003954   0.022106   0.015595
                  6          7          8          9         10         11    
      0      -0.005446   0.000887  -0.003013  -0.159461  -0.000662  -0.036891
      1      -0.055013   0.015338  -0.020095  -0.001252  -0.141760  -0.026967
      2       0.037857  -0.007388   0.018964  -0.046650  -0.032948  -0.338978
      3      -0.165886  -0.138125   0.069312   0.011966  -0.001550  -0.002095
      4      -0.082224  -0.349308   0.217289  -0.007348   0.006219   0.000606
      5       0.028442   0.204582  -0.169653  -0.058607   0.006584   0.010393
      6       0.171329   0.137249  -0.066282  -0.000015   0.001145  -0.000145
      7       0.137249   0.333933  -0.197246   0.000048  -0.003684   0.000467
      8      -0.066282  -0.197246   0.150619   0.000065  -0.005038   0.000639
      9      -0.000015   0.000048   0.000065   0.123981   0.002185   0.043501
     10       0.001145  -0.003684  -0.005038   0.002185   0.107967   0.031158
     11      -0.000145   0.000467   0.000639   0.043501   0.031158   0.339813
     12       0.000203  -0.000653  -0.000893   0.009664   0.018819  -0.004287
     13      -0.000653   0.002099   0.002871   0.011938   0.023246  -0.005296
     14      -0.000893   0.002872   0.003928   0.026277   0.051169  -0.011657
     15      -0.000185   0.000594   0.000812   0.013865  -0.019937  -0.000082
     16      -0.000504   0.001622   0.002218  -0.005571   0.008011   0.000033
     17       0.001022  -0.003288  -0.004497   0.035414  -0.050925  -0.000210
                 12         13         14         15         16         17    
      0      -0.177387  -0.062494   0.036420  -0.199795   0.079504   0.025848
      1      -0.068551  -0.275225   0.085751   0.090061  -0.276106  -0.059845
      2       0.040849   0.087129  -0.191024   0.028321  -0.056132  -0.164296
      3      -0.004934   0.001714  -0.000928  -0.005992  -0.001988  -0.003954
      4      -0.045266   0.008035  -0.020816   0.046879   0.018976   0.022106
      5       0.033418  -0.010137   0.008644   0.021070   0.006336   0.015595
      6       0.000203  -0.000653  -0.000893  -0.000185  -0.000504   0.001022
      7      -0.000653   0.002099   0.002872   0.000594   0.001622  -0.003288
      8      -0.000893   0.002871   0.003928   0.000812   0.002218  -0.004497
      9       0.009664   0.011938   0.026277   0.013865  -0.005571   0.035414
     10       0.018819   0.023246   0.051169  -0.019937   0.008011  -0.050925
     11      -0.004287  -0.005296  -0.011657  -0.000082   0.000033  -0.000210
     12       0.149272   0.071749  -0.042531   0.023182   0.023902  -0.026556
     13       0.071749   0.264789  -0.100060  -0.022254  -0.022945   0.025493
     14      -0.042531  -0.100060   0.169095  -0.018346  -0.018916   0.021016
     15       0.023182  -0.022254  -0.018346   0.168924  -0.095342  -0.031774
     16       0.023902  -0.022945  -0.018916  -0.095342   0.270442   0.066459
     17      -0.026556   0.025493   0.021016  -0.031774   0.066459   0.132392

$bmatrix
 15 18
                  0          1          2          3          4          5    
      0      -0.980010  -0.037439  -0.195395   0.980010   0.037439   0.195395
      1       0.000000   0.000000   0.000000  -0.394273  -0.782261   0.482304
      2       0.186921   0.125969   0.974265   0.000000   0.000000   0.000000
      3       0.366836   0.788756  -0.493250   0.000000   0.000000   0.000000
      4       0.480408  -0.817852  -0.316744   0.000000   0.000000   0.000000
      5       0.411897  -0.402949   0.388211   0.031354   0.304718  -0.215643
      6       0.548630  -0.050573  -0.454662  -0.074375   0.045247   0.364361
      7       0.371967   0.517602   0.322503   0.044384  -0.336709  -0.158097
      8      -0.449805   0.466355  -0.443194   0.000000   0.000000   0.000000
      9      -0.567075   0.021151   0.541845   0.000000   0.000000   0.000000
     10      -0.370376  -0.611425  -0.323423   0.000000   0.000000   0.000000
     11      -0.031356  -0.304711   0.215652  -0.466640   0.429613  -0.420171
     12      -0.130777  -0.220828   0.698228   0.152755  -0.345760  -0.699899
     13      -0.031596   0.743042   0.016099   0.130249  -0.564472  -0.545112
     14       0.089418  -0.287580  -0.393377   0.107594  -0.346068  -0.473333
                  6          7          8          9         10         11    
      0       0.000000   0.000000   0.000000   0.000000   0.000000   0.000000
      1       0.394273   0.782261  -0.482304   0.000000   0.000000   0.000000
      2       0.000000   0.000000   0.000000  -0.186921  -0.125969  -0.974265
      3       0.000000   0.000000   0.000000   0.000000   0.000000   0.000000
      4       0.000000   0.000000   0.000000   0.000000   0.000000   0.000000
      5       0.000000   0.000000   0.000000   0.000000   0.000000   0.000000
      6       0.000000   0.000000   0.000000  -0.474255   0.005326   0.090301
      7       0.000000   0.000000   0.000000   0.000000   0.000000   0.000000
      8       0.000000   0.000000   0.000000   0.275650  -0.396377  -0.001636
      9       0.000000   0.000000   0.000000   0.000000   0.000000   0.000000
     10       0.000000   0.000000   0.000000   0.216158   0.420928  -0.095896
     11       0.497996  -0.124902   0.204518   0.000000   0.000000   0.000000
     12      -0.105336   0.338801   0.463401   0.000000   0.000000   0.000000
     13      -0.105336   0.338801   0.463401   0.006683  -0.517372   0.065612
     14      -0.105336   0.338801   0.463401   0.000000   0.000000   0.000000
                 12         13         14         15         16         17    
      0       0.000000   0.000000   0.000000   0.000000   0.000000   0.000000
      1       0.000000   0.000000   0.000000   0.000000   0.000000   0.000000
      2       0.000000   0.000000   0.000000   0.000000   0.000000   0.000000
      3      -0.366836  -0.788756   0.493250   0.000000   0.000000   0.000000
      4       0.000000   0.000000   0.000000  -0.480408   0.817852   0.316744
      5      -0.443251   0.098232  -0.172569   0.000000   0.000000   0.000000
      6       0.000000   0.000000   0.000000   0.000000   0.000000   0.000000
      7       0.000000   0.000000   0.000000  -0.416351  -0.180893  -0.164406
      8       0.000000   0.000000   0.000000   0.174154  -0.069978   0.444829
      9       0.304284  -0.292105  -0.240805   0.262792   0.270953  -0.301039
     10       0.154218   0.190498   0.419319   0.000000   0.000000   0.000000
     11       0.000000   0.000000   0.000000   0.000000   0.000000   0.000000
     12       0.000000   0.000000   0.000000   0.083358   0.227787  -0.461729
     13       0.000000   0.000000   0.000000   0.000000   0.000000   0.000000
     14      -0.091676   0.294847   0.403309   0.000000   0.000000   0.000000

