
$orca_opt_file

$trust
    0.300000000000

$epredict
    0.000000000000

$ediffsc
  1000.000000000000

$ctyp
  3

$coordinates
 3 18
   5.68959689  -2.24103756   1.13769072   8.30472842  -2.13170557   1.65220268
   9.02525076  -0.71804491   0.78242977   5.30339167  -2.49248263  -0.88694296
   4.93526924  -3.85554209   2.14653614   4.69551024  -0.53761008   1.78703653

   5.68986766  -2.23604412   1.13409316   8.30362587  -2.13127385   1.65159913
   9.02731930  -0.71882966   0.78352031   5.30233718  -2.49180499  -0.88506369
   4.93536286  -3.85913877   2.14919957   4.69523435  -0.53933144   1.78560438

   5.68994303  -2.23381432   1.13246725   8.30315061  -2.13157652   1.65166190
   9.02876232  -0.71944712   0.78436472   5.30121829  -2.49333814  -0.88528224
   4.93682552  -3.85839537   2.14900755   4.69384745  -0.53985137   1.78673369


$constraints
 1
   1.90677004


# redundant internal coordinates
#  nbonds nangles ndihedrals nimpropers ncartesians
# bond  definitions A B
# angle definitions A B C
# dihedral definitions A B C D
# improper torsion definitions A B C D
# cartesian definitions A x/y/z
$redundant_internals
 5 7 3 0 0
   1   0   0
   2   1   0
   3   0   0
   4   0   0
   5   0   0
   1   0   4   0   0
   1   0   3   0   0
   1   0   5   0   0
   3   0   5   0   0
   4   0   5   0   0
   3   0   4   0   0
   0   1   2   0  -1
   2   1   0   5   0
   2   1   0   3   0
   2   1   0   4   0
$energies
 3
 -115.7380042330074161
 -115.7380413332842011
 -115.7380443755611878

$gradients
 3 18
  -0.0010336635725547  -0.0061150194811702   0.0042356732688694  -0.0003380458796979
   0.0011703591945270  -0.0009334362002891   0.0009314492755857  -0.0000072577365684
   0.0002145234370105  -0.0000682984884911   0.0003538556224267  -0.0016628577447961
   0.0009722494581827   0.0029668426208736  -0.0019527337864688  -0.0004636907907103
   0.0016312197802476   0.0000988310261899
  -0.0003120040299166  -0.0016520613363430   0.0011371144907571  -0.0005452916574814
   0.0010035441088724  -0.0008583612120534   0.0007324775212720  -0.0002550740293086
   0.0003502705420157   0.0000498723795439   0.0003590495396088  -0.0001944189175239
   0.0000065891022289   0.0002401591885521  -0.0001791512972642   0.0000683566845942
   0.0003043825280358  -0.0002554536060438
  -0.0001117719446655  -0.0005807182656809   0.0003992093535856  -0.0006593597949649
   0.0007067315410865  -0.0006672369549080   0.0007218299214524  -0.0002080682758112
   0.0003135703327832   0.0000094037884592   0.0001618655521341   0.0000385261610500
  -0.0000160985566867  -0.0000968502882718   0.0000621337492612   0.0000559965903031
   0.0000170397368170  -0.0001462026413266

$redundant_coords
 3 15
   2.6675061260838020   1.8094457185838302   2.0764201510281302   2.0477802986050757
   2.0764208238793165   1.8738351817174084   1.9556007308915595   1.9556328118692796
   1.8914863538377371   1.8926999331963466   1.8927057743151561   1.9067700443097799
  -1.0652957830631029   1.0652389427255267   3.1415584847470219
   2.6665560587158095   1.8089476575144132   2.0718561406041367   2.0577061932105094
   2.0718581559752596   1.8699008712592327   1.9577058548336743   1.9577391026610831
   1.8941602888046032   1.8910514967586942   1.8910579735220139   1.9067700399987653
  -1.0685466974105053   1.0685855355460530  -3.1415788402628086
   2.6662463376963483   1.8090954088583806   2.0711766000216456   2.0590783720080497
   2.0711787638508379   1.8677385067370937   1.9589281329626052   1.9589608687902305
   1.8964849420964991   1.8896051179174116   1.8896143268902261   1.9067700399999470
  -1.0709177486615209   1.0710869076572331  -3.1415118064143726

$redundant_gradients
 3 15
   0.0004911888612125   0.0002613743462958   0.0015915440446383  -0.0036594608933007
   0.0015910738058243   0.0010808254358948  -0.0005773259018218  -0.0005777360814148
  -0.0003146555841369   0.0002254124566805   0.0002252380788490   0.0000000000000000
   0.0006266783261582  -0.0006287063464542  -0.0000010233604289
   0.0001147456551258  -0.0000750093951258   0.0001361352933467  -0.0002804351147897
   0.0001361100650873   0.0004167812655824  -0.0002414435087954  -0.0002413920110674
  -0.0002717123435974   0.0001895944257868   0.0001891546840417   0.0000000000000000
   0.0003560767783584  -0.0003581332743892  -0.0000013218476432
   0.0000118828402187  -0.0000239074426620  -0.0000592850156678   0.0001127981067276
  -0.0000592154126941   0.0000408656748678  -0.0000384457451664  -0.0000385724088832
  -0.0001314653417104   0.0000913874790021   0.0000908781199892  -0.0000000000000000
   0.0001142625684565  -0.0001162247887010  -0.0000012578365036

$hessian_approx
 18 18
                  0          1          2          3          4          5    
      0       1.917403   9.059654  -6.371253  13.434693 -12.872848  12.492196
      1       9.059654  93.733439 -65.881169 142.527181 -131.753340 128.640825
      2      -6.371253 -65.881169  47.525590 -101.124025  93.315912 -91.329089
      3      13.434693 142.527181 -101.124025 218.874387 -201.516222 197.060325
      4     -12.872848 -131.753340  93.315912 -201.516222 186.745638 -182.262115
      5      12.492196 128.640825 -91.329089 197.060325 -182.262115 178.156083
      6     -14.819623 -151.617043 107.480390 -232.298447 214.391905 -209.543663
      7       3.778383  38.671359 -27.410775  59.078126 -55.061512  53.665859
      8      -6.132426 -62.734454  44.477568 -95.990654  88.970365 -86.894605
      9      -0.156863   0.000918  -0.047879   0.008117  -0.004427  -0.061268
     10       0.010687  -0.095055  -0.062033  -0.032373   0.015302  -0.007585
     11      -0.039531  -0.022790  -0.338681   0.018026  -0.009642   0.022612
     12      -0.180274  -0.072455   0.043407  -0.008548  -0.046728   0.033641
     13      -0.061214  -0.294722   0.100522  -0.025368   0.021947  -0.026855
     14       0.035123   0.097668  -0.201625   0.018189  -0.031400   0.020805
     15      -0.195336   0.101744   0.019360  -0.010203   0.048320   0.018768
     16       0.085337  -0.261682  -0.062457  -0.031345   0.031964  -0.010130
     17       0.015890  -0.100080  -0.133762   0.018139   0.016881   0.024194
                  6          7          8          9         10         11    
      0     -14.819623   3.778383  -6.132426  -0.156863   0.010687  -0.039531
      1     -151.617043  38.671359 -62.734454   0.000918  -0.095055  -0.022790
      2     107.480390 -27.410775  44.477568  -0.047879  -0.062033  -0.338681
      3     -232.298447  59.078126 -95.990654   0.008117  -0.032373   0.018026
      4     214.391905 -55.061512  88.970365  -0.004427   0.015302  -0.009642
      5     -209.543663  53.665859 -86.894605  -0.061268  -0.007585   0.022612
      6     247.108241 -62.854886 102.119607   0.003353   0.026666  -0.019820
      7     -62.854886  16.403433 -26.264507  -0.001001  -0.009176   0.003360
      8     102.119607 -26.264507  42.437064   0.001662   0.004899  -0.006147
      9       0.003353  -0.001001   0.001662   0.122947   0.001414   0.043906
     10       0.026666  -0.009176   0.004899   0.001414   0.090493   0.040913
     11      -0.019820   0.003360  -0.006147   0.043906   0.040913   0.339775
     12       0.003798   0.000097  -0.000611   0.008878   0.014537  -0.006772
     13       0.026721  -0.001030   0.011691   0.010033   0.006713  -0.013150
     14      -0.020190   0.005422  -0.002370   0.027809   0.062562  -0.006270
     15       0.002678  -0.000720   0.002422   0.013568  -0.020933   0.004191
     16       0.026636  -0.003075   0.012003  -0.006939  -0.008278   0.001309
     17      -0.016324   0.000640  -0.011510   0.035772  -0.038758  -0.011289
                 12         13         14         15         16         17    
      0      -0.180274  -0.061214   0.035123  -0.195336   0.085337   0.015890
      1      -0.072455  -0.294722   0.097668   0.101744  -0.261682  -0.100080
      2       0.043407   0.100522  -0.201625   0.019360  -0.062457  -0.133762
      3      -0.008548  -0.025368   0.018189  -0.010203  -0.031345   0.018139
      4      -0.046728   0.021947  -0.031400   0.048320   0.031964   0.016881
      5       0.033641  -0.026855   0.020805   0.018768  -0.010130   0.024194
      6       0.003798   0.026721  -0.020190   0.002678   0.026636  -0.016324
      7       0.000097  -0.001030   0.005422  -0.000720  -0.003075   0.000640
      8      -0.000611   0.011691  -0.002370   0.002422   0.012003  -0.011510
      9       0.008878   0.010033   0.027809   0.013568  -0.006939   0.035772
     10       0.014537   0.006713   0.062562  -0.020933  -0.008278  -0.038758
     11      -0.006772  -0.013150  -0.006270   0.004191   0.001309  -0.011289
     12       0.155188   0.079948  -0.047426   0.020958   0.024599  -0.022241
     13       0.079948   0.288450  -0.114551  -0.030121  -0.021357   0.042342
     14      -0.047426  -0.114551   0.179662  -0.013504  -0.019703   0.009797
     15       0.020958  -0.030121  -0.013504   0.168335  -0.098289  -0.031237
     16       0.024599  -0.021357  -0.019703  -0.098289   0.262429   0.078977
     17      -0.022241   0.042342   0.009797  -0.031237   0.078977   0.122571

$bmatrix
 15 18
                  0          1          2          3          4          5    
      0      -0.980107  -0.038345  -0.194729   0.980107   0.038345   0.194729
      1       0.000000   0.000000   0.000000  -0.401091  -0.780572   0.479409
      2       0.187683   0.125303   0.974204   0.000000   0.000000   0.000000
      3       0.365755   0.788985  -0.493687   0.000000   0.000000   0.000000
      4       0.480932  -0.817874  -0.315891   0.000000   0.000000   0.000000
      5       0.412448  -0.402831   0.388247   0.030977   0.305058  -0.215984
      6       0.548441  -0.049627  -0.455629  -0.074252   0.044892   0.364884
      7       0.371736   0.518761   0.321806   0.044561  -0.337287  -0.157865
      8      -0.449751   0.465866  -0.442822   0.000000   0.000000   0.000000
      9      -0.567196   0.020997   0.542042   0.000000   0.000000   0.000000
     10      -0.370493  -0.611680  -0.323341   0.000000   0.000000   0.000000
     11      -0.030971  -0.305076   0.215960  -0.465456   0.433300  -0.422514
     12      -0.130946  -0.218050   0.702013   0.153686  -0.349045  -0.704799
     13      -0.033085   0.745637   0.019696   0.131451  -0.567997  -0.549769
     14       0.088729  -0.285420  -0.390387   0.108593  -0.349242  -0.477799
                  6          7          8          9         10         11    
      0       0.000000   0.000000   0.000000   0.000000   0.000000   0.000000
      1       0.401091   0.780572  -0.479409   0.000000   0.000000   0.000000
      2       0.000000   0.000000   0.000000  -0.187683  -0.125303  -0.974204
      3       0.000000   0.000000   0.000000   0.000000   0.000000   0.000000
      4       0.000000   0.000000   0.000000   0.000000   0.000000   0.000000
      5       0.000000   0.000000   0.000000   0.000000   0.000000   0.000000
      6       0.000000   0.000000   0.000000  -0.474189   0.004735   0.090745
      7       0.000000   0.000000   0.000000   0.000000   0.000000   0.000000
      8       0.000000   0.000000   0.000000   0.275689  -0.396363  -0.002132
      9       0.000000   0.000000   0.000000   0.000000   0.000000   0.000000
     10       0.000000   0.000000   0.000000   0.215875   0.421120  -0.095753
     11       0.496427  -0.128224   0.206555   0.000000   0.000000   0.000000
     12      -0.105667   0.339840   0.464921   0.000000   0.000000   0.000000
     13      -0.105667   0.339840   0.464921   0.007301  -0.517480   0.065152
     14      -0.105667   0.339840   0.464921   0.000000   0.000000   0.000000
                 12         13         14         15         16         17    
      0       0.000000   0.000000   0.000000   0.000000   0.000000   0.000000
      1       0.000000   0.000000   0.000000   0.000000   0.000000   0.000000
      2       0.000000   0.000000   0.000000   0.000000   0.000000   0.000000
      3      -0.365755  -0.788985   0.493687   0.000000   0.000000   0.000000
      4       0.000000   0.000000   0.000000  -0.480932   0.817874   0.315891
      5      -0.443425   0.097772  -0.172263   0.000000   0.000000   0.000000
      6       0.000000   0.000000   0.000000   0.000000   0.000000   0.000000
      7       0.000000   0.000000   0.000000  -0.416296  -0.181474  -0.163941
      8       0.000000   0.000000   0.000000   0.174063  -0.069503   0.444954
      9       0.304591  -0.291808  -0.240692   0.262606   0.270811  -0.301350
     10       0.154618   0.190560   0.419094   0.000000   0.000000   0.000000
     11       0.000000   0.000000   0.000000   0.000000   0.000000   0.000000
     12       0.000000   0.000000   0.000000   0.082926   0.227255  -0.462135
     13       0.000000   0.000000   0.000000   0.000000   0.000000   0.000000
     14      -0.091656   0.294822   0.403265   0.000000   0.000000   0.000000

