
$orca_opt_file

$trust
    0.300000000000

$epredict
    0.000000000000

$ediffsc
  1000.000000000000

$ctyp
  3

$coordinates
 1 18
   5.69054742  -2.23157192   1.13098597   8.30472842  -2.13170557   1.65220268
   9.01814350  -0.71624778   0.77949880   5.30339167  -2.49248263  -0.88694296
   4.93752180  -3.85770016   2.14475412   4.69747933  -0.53558429   1.78478208


$constraints
 1
   1.89223767


# redundant internal coordinates
#  nbonds nangles ndihedrals nimpropers ncartesians
# bond  definitions A B
# angle definitions A B C
# dihedral definitions A B C D
# improper torsion definitions A B C D
# cartesian definitions A x/y/z
$redundant_internals
 5 7 3 0 0
   1   0   0
   2   1   0
   3   0   0
   4   0   0
   5   0   0
   1   0   4   0   0
   1   0   3   0   0
   1   0   5   0   0
   3   0   5   0   0
   4   0   5   0  -1
   3   0   4   0   0
   0   1   2   0   0
   2   1   0   5   0
   2   1   0   3   0
   2   1   0   4   0
$energies
 1
 -115.7380502119273586

$gradients
 1 18
  -0.0002768501746889   0.0000374943085462   0.0001456999221130  -0.0000643680142231
  -0.0000444497647024   0.0000632971205027  -0.0000131162807126   0.0000141127962209
  -0.0000105062344240  -0.0000265979433794   0.0000090174057250   0.0000509111710183
   0.0002211907427346  -0.0002124000983452  -0.0001014121085066   0.0001597416730956
   0.0001962253523026  -0.0001479898702435

$redundant_coords
 1 15
   2.6675049028249234   1.8094457365995493   2.0712317971756806   2.0588993418306814
   2.0712333599031867   1.8668942641095574   1.9587191307408331   1.9579346076613238
   1.8976435239921408   1.8922376744987410   1.8879428600035335   1.8980436628938084
  -1.0704977525083395   1.0721048645581432   3.1399970830146207

$redundant_gradients
 1 15
  -0.0000664161070962   0.0000103556070611  -0.0000455170731323   0.0000367713089480
   0.0000373428797224  -0.0000883131830601   0.0000835535128462  -0.0000267095179002
   0.0000085733331544   0.0000000000000000   0.0000209021326274  -0.0000330398729048
  -0.0000403785224858   0.0000133801046125   0.0000307480457189

$hessian_approx
 18 18
                  0          1          2          3          4          5    
      0     511.931665 -19.055848 -488.181164  -0.498714  -0.015004  -0.058349
      1     -19.055848   1.544467  18.193387   0.037737  -0.154841   0.034818
      2     -488.181164  18.193387 467.414288  -0.110160   0.024170  -0.176758
      3      -0.498714   0.037737  -0.110160   0.660264   0.102305   0.050981
      4      -0.015004  -0.154841   0.024170   0.102305   0.470985  -0.242742
      5      -0.058349   0.034818  -0.176758   0.050981  -0.242742   0.295957
      6      -0.005452  -0.055096   0.037902  -0.165941  -0.082114   0.028397
      7       0.000884   0.015387  -0.007383  -0.138090  -0.349404   0.204506
      8      -0.003023  -0.020083   0.019010   0.069322   0.217222  -0.169814
      9      -0.157965  -0.001241  -0.047666   0.011982  -0.007358  -0.058685
     10      -0.001583  -0.141965  -0.032016  -0.001562   0.006268   0.006631
     11      -0.037058  -0.026943  -0.338902  -0.002097   0.000601   0.010402
     12     -274.248136  10.152802 261.955237  -0.003144  -0.045092   0.024411
     13     262.184611 -10.055835 -250.527923   0.000007   0.007736  -0.001518
     14     217.112330  -8.009879 -207.638424  -0.002324  -0.021086   0.015698
     15     -237.021398   8.921646 226.345850  -0.004446   0.047262   0.013245
     16     -243.113062   8.792786 232.349764  -0.000398   0.019257  -0.001695
     17     271.167265 -10.171301 -259.279215  -0.005722   0.021834   0.024515
                  6          7          8          9         10         11    
      0      -0.005452   0.000884  -0.003023  -0.157965  -0.001583  -0.037058
      1      -0.055096   0.015387  -0.020083  -0.001241  -0.141965  -0.026943
      2       0.037902  -0.007383   0.019010  -0.047666  -0.032016  -0.338902
      3      -0.165941  -0.138090   0.069322   0.011982  -0.001562  -0.002097
      4      -0.082114  -0.349404   0.217222  -0.007358   0.006268   0.000601
      5       0.028397   0.204506  -0.169814  -0.058685   0.006631   0.010402
      6       0.171390   0.137218  -0.066283  -0.000015   0.001154  -0.000146
      7       0.137218   0.333991  -0.197176   0.000048  -0.003712   0.000471
      8      -0.066283  -0.197176   0.150732   0.000066  -0.005077   0.000644
      9      -0.000015   0.000048   0.000066   0.123841   0.002161   0.043530
     10       0.001154  -0.003712  -0.005077   0.002161   0.108201   0.031132
     11      -0.000146   0.000471   0.000644   0.043530   0.031132   0.339810
     12       0.000205  -0.000658  -0.000900   0.008937   0.019303  -0.004210
     13      -0.000656   0.002110   0.002886   0.012532   0.022754  -0.005346
     14      -0.000900   0.002896   0.003961   0.026741   0.050837  -0.011703
     15      -0.000186   0.000599   0.000819   0.013220  -0.019474  -0.000019
     16      -0.000506   0.001628   0.002227  -0.006142   0.008453   0.000085
     17       0.001030  -0.003314  -0.004533   0.036014  -0.051507  -0.000250
                 12         13         14         15         16         17    
      0     -274.248136 262.184611 217.112330 -237.021398 -243.113062 271.167265
      1      10.152802 -10.055835  -8.009879   8.921646   8.792786 -10.171301
      2     261.955237 -250.527923 -207.638424 226.345850 232.349764 -259.279215
      3      -0.003144   0.000007  -0.002324  -0.004446  -0.000398  -0.005722
      4      -0.045092   0.007736  -0.021086   0.047262   0.019257   0.021834
      5       0.024411  -0.001518   0.015698   0.013245  -0.001695   0.024515
      6       0.000205  -0.000656  -0.000900  -0.000186  -0.000506   0.001030
      7      -0.000658   0.002110   0.002896   0.000599   0.001628  -0.003314
      8      -0.000900   0.002886   0.003961   0.000819   0.002227  -0.004533
      9       0.008937   0.012532   0.026741   0.013220  -0.006142   0.036014
     10       0.019303   0.022754   0.050837  -0.019474   0.008453  -0.051507
     11      -0.004210  -0.005346  -0.011703  -0.000019   0.000085  -0.000250
     12     147.175194 -140.611482 -116.493350 127.066945 130.485128 -145.481187
     13     -140.611482 134.878962 111.327075 -121.585013 -124.855728 139.204826
     14     -116.493350 111.327075  92.403100 -100.642496 -103.349843 115.227368
     15     127.066945 -121.585013 -100.642496 109.945866 112.634981 -125.717399
     16     130.485128 -124.855728 -103.349843 112.634981 116.033604 -129.000538
     17     -145.481187 139.204826 115.227368 -125.717399 -129.000538 144.032114

$bmatrix
 15 18
                  0          1          2          3          4          5    
      0      -0.980010  -0.037438  -0.195395   0.980010   0.037438   0.195395
      1       0.000000   0.000000   0.000000  -0.394273  -0.782260   0.482305
      2       0.186921   0.125969   0.974265   0.000000   0.000000   0.000000
      3       0.365742   0.789805  -0.492384   0.000000   0.000000   0.000000
      4       0.479457  -0.818830  -0.315655   0.000000   0.000000   0.000000
      5       0.412181  -0.403287   0.387507   0.031271   0.305273  -0.215330
      6       0.548682  -0.050605  -0.454920  -0.074428   0.045279   0.364619
      7       0.372273   0.517923   0.321669   0.044316  -0.337220  -0.157656
      8      -0.448783   0.466619  -0.443551   0.000000   0.000000   0.000000
      9      -0.567790   0.021172   0.542529   0.000000   0.000000   0.000000
     10      -0.369329  -0.611601  -0.323727   0.000000   0.000000   0.000000
     11      -0.031379  -0.304926   0.215805  -0.466617   0.429829  -0.420324
     12      -0.130859  -0.219581   0.698399   0.152761  -0.346150  -0.699857
     13      -0.031613   0.743202   0.016157   0.130266  -0.564632  -0.545169
     14       0.089405  -0.286488  -0.393524   0.107647  -0.346433  -0.473530
                  6          7          8          9         10         11    
      0       0.000000   0.000000   0.000000   0.000000   0.000000   0.000000
      1       0.394273   0.782260  -0.482305   0.000000   0.000000   0.000000
      2       0.000000   0.000000   0.000000  -0.186921  -0.125969  -0.974265
      3       0.000000   0.000000   0.000000   0.000000   0.000000   0.000000
      4       0.000000   0.000000   0.000000   0.000000   0.000000   0.000000
      5       0.000000   0.000000   0.000000   0.000000   0.000000   0.000000
      6       0.000000   0.000000   0.000000  -0.474255   0.005326   0.090301
      7       0.000000   0.000000   0.000000   0.000000   0.000000   0.000000
      8       0.000000   0.000000   0.000000   0.275018  -0.396816  -0.001458
      9       0.000000   0.000000   0.000000   0.000000   0.000000   0.000000
     10       0.000000   0.000000   0.000000   0.215471   0.421298  -0.095812
     11       0.497996  -0.124902   0.204518   0.000000   0.000000   0.000000
     12      -0.105336   0.338802   0.463400   0.000000   0.000000   0.000000
     13      -0.105336   0.338802   0.463400   0.006683  -0.517371   0.065612
     14      -0.105336   0.338802   0.463400   0.000000   0.000000   0.000000
                 12         13         14         15         16         17    
      0       0.000000   0.000000   0.000000   0.000000   0.000000   0.000000
      1       0.000000   0.000000   0.000000   0.000000   0.000000   0.000000
      2       0.000000   0.000000   0.000000   0.000000   0.000000   0.000000
      3      -0.365742  -0.789805   0.492384   0.000000   0.000000   0.000000
      4       0.000000   0.000000   0.000000  -0.479457   0.818830   0.315655
      5      -0.443452   0.098014  -0.172177   0.000000   0.000000   0.000000
      6       0.000000   0.000000   0.000000   0.000000   0.000000   0.000000
      7       0.000000   0.000000   0.000000  -0.416589  -0.180703  -0.164012
      8       0.000000   0.000000   0.000000   0.173765  -0.069803   0.445009
      9       0.304594  -0.291436  -0.241223   0.263196   0.270264  -0.301306
     10       0.153858   0.190303   0.419540   0.000000   0.000000   0.000000
     11       0.000000   0.000000   0.000000   0.000000   0.000000   0.000000
     12       0.000000   0.000000   0.000000   0.083433   0.226930  -0.461941
     13       0.000000   0.000000   0.000000   0.000000   0.000000   0.000000
     14      -0.091717   0.294120   0.403654   0.000000   0.000000   0.000000

