
$orca_opt_file

$trust
    0.300000000000

$epredict
    0.000000000000

$ediffsc
  1000.000000000000

$ctyp
  3

$coordinates
 2 18
   5.69035278  -2.23346543   1.13232579   8.30472842  -2.13170557   1.65220268
   9.01956646  -0.71660494   0.78008462   5.30339167  -2.49248263  -0.88694296
   4.93526924  -3.85554209   2.14653614   4.69551024  -0.53761008   1.78703653

   5.69049011  -2.23251204   1.13165302   8.30454290  -2.13159453   1.65204964
   9.01994248  -0.71671099   0.78028489   5.30320122  -2.49235758  -0.88652207
   4.93513963  -3.85624604   2.14703225   4.69550248  -0.53798956   1.78674505


$constraints
 1
   1.89978934


# redundant internal coordinates
#  nbonds nangles ndihedrals nimpropers ncartesians
# bond  definitions A B
# angle definitions A B C
# dihedral definitions A B C D
# improper torsion definitions A B C D
# cartesian definitions A x/y/z
$redundant_internals
 5 7 3 0 0
   1   0   0
   2   1   0
   3   0   0
   4   0   0
   5   0   0
   1   0   4   0   0
   1   0   3   0   0
   1   0   5   0   0
   3   0   5   0   0
   4   0   5   0   0
   3   0   4   0   0
   0   1   2   0  -1
   2   1   0   5   0
   2   1   0   3   0
   2   1   0   4   0
$energies
 2
 -115.7380495230467403
 -115.7380509483806321

$gradients
 2 18
  -0.0002792525356263  -0.0011877269312913   0.0008048763821043  -0.0000406131464294
   0.0002072463985659  -0.0001622119361279   0.0001874117551948   0.0000072282725913
   0.0000355181684883  -0.0000063939327265   0.0000732764144586  -0.0003327894611724
   0.0002224859386458   0.0005730846361801  -0.0003733434579490  -0.0000836380755043
   0.0003268912095849   0.0000279503052848
  -0.0001113589049530  -0.0003189439242888   0.0002078400610986  -0.0000890898950462
   0.0001902260988529  -0.0001609624954444   0.0001448283497049  -0.0000490435516734
   0.0000671071477308   0.0000152339838470   0.0000761988447968  -0.0000382382271816
   0.0000188998937514   0.0000406030175459  -0.0000302758466462   0.0000214865687244
   0.0000609595139195  -0.0000454706387990

$redundant_coords
 2 15
   2.6675057654907253   1.8094455299511407   2.0722632789050826   2.0566736446208833
   2.0722652352733775   1.8690014457334472   1.9580976122405014   1.9581290176181303
   1.8970562657657688   1.8895432479182104   1.8895499296721541   1.8997893392672938
  -1.0707850400346441   1.0707271769082709   3.1415588071476948
   2.6672587012828641   1.8093274292742778   2.0713626120649367   2.0586552452926017
   2.0713648573573606   1.8683757996609840   1.9585234703837380   1.9585557680959811
   1.8975300797683610   1.8891513215330864   1.8891594887783612   1.8997893400000510
  -1.0713771113151009   1.0713949558758893  -3.1415879793991799

$redundant_gradients
 2 15
   0.0001277181618314   0.0000619700860684   0.0003165696193810  -0.0007179313981009
   0.0003164668637175   0.0001645301201073  -0.0001161672492337  -0.0001165109669222
  -0.0000486886867475   0.0000667434204832   0.0000663970290829   0.0000000000000000
   0.0001180570977871  -0.0001195922621030  -0.0000008840584606
   0.0000420250084863  -0.0000140478140261   0.0000251091092148  -0.0000540541200424
   0.0000251415756251   0.0000576131943135  -0.0000516811251201  -0.0000518962086106
  -0.0000456618142040   0.0000508459910166   0.0000505411008527   0.0000000000000000
   0.0000680688144598  -0.0000694866390383  -0.0000008350654348

$hessian_approx
 18 18
                  0          1          2          3          4          5    
      0       1.986160   9.416983  -6.618195  14.004332 -13.365374  12.982031
      1       9.416983  93.658744 -65.741268 142.334958 -131.259076 128.235271
      2      -6.618195 -65.741268  47.372953 -100.853829  92.841971 -90.922156
      3      14.004332 142.334958 -100.853829 218.431146 -200.619341 196.304125
      4     -13.365374 -131.259076  92.841971 -200.619341 185.469445 -181.125178
      5      12.982031 128.235271 -90.922156 196.304125 -181.125178 177.153285
      6     -15.461973 -151.797542 107.466408 -232.432041 213.993218 -209.282938
      7       3.891192  38.199177 -27.039994  58.313614 -54.225242  52.880832
      8      -6.360927 -62.430445  44.203265 -95.462367  88.268558 -86.261300
      9      -0.157876   0.005874  -0.051458   0.011629  -0.007353  -0.058674
     10       0.006887  -0.110051  -0.053949  -0.004878   0.004464   0.007054
     11      -0.049235  -0.049897  -0.324274   0.006775   0.006729   0.008218
     12      -0.170483  -0.056749   0.033892  -0.010602  -0.049405   0.034978
     13      -0.043182  -0.246095   0.070023  -0.013045  -0.002348  -0.006447
     14       0.023874   0.066578  -0.180246   0.008622  -0.014194   0.006231
     15      -0.200161   0.096476   0.023180  -0.004464   0.048255   0.020478
     16       0.093495  -0.242699  -0.076784  -0.011308   0.012756   0.008468
     17       0.022451  -0.080239  -0.149541  -0.003327   0.022113   0.015722
                  6          7          8          9         10         11    
      0     -15.461973   3.891192  -6.360927  -0.157876   0.006887  -0.049235
      1     -151.797542  38.199177 -62.430445   0.005874  -0.110051  -0.049897
      2     107.466408 -27.039994  44.203265  -0.051458  -0.053949  -0.324274
      3     -232.432041  58.313614 -95.462367   0.011629  -0.004878   0.006775
      4     213.993218 -54.225242  88.268558  -0.007353   0.004464   0.006729
      5     -209.282938  52.880832 -86.261300  -0.058674   0.007054   0.008218
      6     247.893492 -62.204242 101.822697  -0.000429   0.000542  -0.003538
      7     -62.204242  16.023765 -25.839114  -0.000457  -0.005163  -0.000911
      8     101.822697 -25.839114  42.058526   0.000348  -0.004105   0.000650
      9      -0.000429  -0.000457   0.000348   0.124016   0.002420   0.045880
     10       0.000542  -0.005163  -0.004105   0.002420   0.105937   0.040558
     11      -0.003538  -0.000911   0.000650   0.045880   0.040558   0.336037
     12       0.002622   0.000472  -0.001031   0.007923   0.012369  -0.003296
     13       0.005689   0.005142   0.002516   0.007318   0.006382  -0.003141
     14      -0.004988   0.000961   0.004207   0.029320   0.062095  -0.013044
     15      -0.001671  -0.000578   0.001281   0.014738  -0.017340   0.003412
     16       0.002335   0.002321   0.002589  -0.007802  -0.001569   0.006661
     17       0.002358  -0.001774  -0.005347   0.034586  -0.051652  -0.007587
                 12         13         14         15         16         17    
      0      -0.170483  -0.043182   0.023874  -0.200161   0.093495   0.022451
      1      -0.056749  -0.246095   0.066578   0.096476  -0.242699  -0.080239
      2       0.033892   0.070023  -0.180246   0.023180  -0.076784  -0.149541
      3      -0.010602  -0.013045   0.008622  -0.004464  -0.011308  -0.003327
      4      -0.049405  -0.002348  -0.014194   0.048255   0.012756   0.022113
      5       0.034978  -0.006447   0.006231   0.020478   0.008468   0.015722
      6       0.002622   0.005689  -0.004988  -0.001671   0.002335   0.002358
      7       0.000472   0.005142   0.000961  -0.000578   0.002321  -0.001774
      8      -0.001031   0.002516   0.004207   0.001281   0.002589  -0.005347
      9       0.007923   0.007318   0.029320   0.014738  -0.007802   0.034586
     10       0.012369   0.006382   0.062095  -0.017340  -0.001569  -0.051652
     11      -0.003296  -0.003141  -0.013044   0.003412   0.006661  -0.007587
     12       0.150031   0.072786  -0.043116   0.020510   0.020527  -0.021427
     13       0.072786   0.268257  -0.102008  -0.029566  -0.031338   0.039057
     14      -0.043116  -0.102008   0.170547  -0.013712  -0.013431   0.012304
     15       0.020510  -0.029566  -0.013712   0.171048  -0.097248  -0.034640
     16       0.020527  -0.031338  -0.013431  -0.097248   0.260528   0.072495
     17      -0.021427   0.039057   0.012304  -0.034640   0.072495   0.134449

$bmatrix
 15 18
                  0          1          2          3          4          5    
      0      -0.980052  -0.037836  -0.195105   0.980052   0.037836   0.195105
      1       0.000000   0.000000   0.000000  -0.395395  -0.781994   0.481817
      2       0.186973   0.125447   0.974322   0.000000   0.000000   0.000000
      3       0.366915   0.788735  -0.493225   0.000000   0.000000   0.000000
      4       0.480354  -0.818070  -0.316261   0.000000   0.000000   0.000000
      5       0.412091  -0.403231   0.388460   0.031198   0.304954  -0.215853
      6       0.548558  -0.050013  -0.455064  -0.074342   0.045010   0.364705
      7       0.371910   0.518139   0.322064   0.044459  -0.337099  -0.157957
      8      -0.449340   0.466374  -0.443101   0.000000   0.000000   0.000000
      9      -0.567352   0.021371   0.541744   0.000000   0.000000   0.000000
     10      -0.370627  -0.611318  -0.323670   0.000000   0.000000   0.000000
     11      -0.031198  -0.304955   0.215851  -0.466559   0.430412  -0.420709
     12      -0.130692  -0.219865   0.699130   0.152926  -0.346537  -0.700975
     13      -0.032129   0.743534   0.017199   0.130553  -0.565207  -0.546186
     14       0.089350  -0.287382  -0.393094   0.107752  -0.346564  -0.474052
                  6          7          8          9         10         11    
      0       0.000000   0.000000   0.000000   0.000000   0.000000   0.000000
      1       0.395395   0.781994  -0.481817   0.000000   0.000000   0.000000
      2       0.000000   0.000000   0.000000  -0.186973  -0.125447  -0.974322
      3       0.000000   0.000000   0.000000   0.000000   0.000000   0.000000
      4       0.000000   0.000000   0.000000   0.000000   0.000000   0.000000
      5       0.000000   0.000000   0.000000   0.000000   0.000000   0.000000
      6       0.000000   0.000000   0.000000  -0.474216   0.005003   0.090358
      7       0.000000   0.000000   0.000000   0.000000   0.000000   0.000000
      8       0.000000   0.000000   0.000000   0.275445  -0.396481  -0.001810
      9       0.000000   0.000000   0.000000   0.000000   0.000000   0.000000
     10       0.000000   0.000000   0.000000   0.216258   0.420888  -0.095691
     11       0.497757  -0.125457   0.204858   0.000000   0.000000   0.000000
     12      -0.105403   0.339009   0.463718   0.000000   0.000000   0.000000
     13      -0.105403   0.339009   0.463718   0.006979  -0.517336   0.065269
     14      -0.105403   0.339009   0.463718   0.000000   0.000000   0.000000
                 12         13         14         15         16         17    
      0       0.000000   0.000000   0.000000   0.000000   0.000000   0.000000
      1       0.000000   0.000000   0.000000   0.000000   0.000000   0.000000
      2       0.000000   0.000000   0.000000   0.000000   0.000000   0.000000
      3      -0.366915  -0.788735   0.493225   0.000000   0.000000   0.000000
      4       0.000000   0.000000   0.000000  -0.480354   0.818070   0.316261
      5      -0.443289   0.098277  -0.172608   0.000000   0.000000   0.000000
      6       0.000000   0.000000   0.000000   0.000000   0.000000   0.000000
      7       0.000000   0.000000   0.000000  -0.416369  -0.181041  -0.164107
      8       0.000000   0.000000   0.000000   0.173895  -0.069893   0.444911
      9       0.304417  -0.292139  -0.240712   0.262935   0.270767  -0.301032
     10       0.154368   0.190430   0.419361   0.000000   0.000000   0.000000
     11       0.000000   0.000000   0.000000   0.000000   0.000000   0.000000
     12       0.000000   0.000000   0.000000   0.083169   0.227393  -0.461873
     13       0.000000   0.000000   0.000000   0.000000   0.000000   0.000000
     14      -0.091699   0.294936   0.403428   0.000000   0.000000   0.000000

