
$orca_opt_file

$trust
    0.300000000000

$epredict
    0.000000000000

$ediffsc
  1000.000000000000

$ctyp
  3

$coordinates
 1 18
   5.69077041  -2.23112784   1.13071196   8.30495141  -2.13126148   1.65192867
   9.01792051  -0.71669186   0.77977281   5.30361655  -2.49203854  -0.88721508
   4.93549223  -3.85509800   2.14626402   4.69573323  -0.53716599   1.78676252


$constraints
 1
   1.80831081


# redundant internal coordinates
#  nbonds nangles ndihedrals nimpropers ncartesians
# bond  definitions A B
# angle definitions A B C
# dihedral definitions A B C D
# improper torsion definitions A B C D
# cartesian definitions A x/y/z
$redundant_internals
 5 7 3 0 0
   1   0   0
   2   1  -1
   3   0   0
   4   0   0
   5   0   0
   1   0   4   0   0
   1   0   3   0   0
   1   0   5   0   0
   3   0   5   0   0
   4   0   5   0   0
   3   0   4   0   0
   0   1   2   0   0
   2   1   0   5   0
   2   1   0   3   0
   2   1   0   4   0
$energies
 1
 -115.7380510170413714

$gradients
 1 18
  -0.0000953657060933   0.0000459052079788  -0.0000556441130616   0.0002898390852678
   0.0004418759264555  -0.0002588651523464  -0.0002552246773986  -0.0004745933214458
   0.0002873515926505   0.0000073860847735   0.0000044044660988   0.0000010960203550
   0.0000432739264205  -0.0000175369533614   0.0000177100582575   0.0000100912889845
  -0.0000000553251274   0.0000083515950741

$redundant_coords
 1 15
   2.6675049028249225   1.8083108066317213   2.0712296028533310   2.0589002431599801
   2.0712334634239493   1.8677971971518788   1.9587184051725168   1.9587507342851420
   1.8984461275741205   1.8887472713757663   1.8887552268386298   1.8980445844015383
  -1.0721637114076463   1.0721050173926530   3.1415589366192918

$redundant_gradients
 1 15
   0.0000385953363245   0.0000000000000000  -0.0000027606162152   0.0000065480328433
  -0.0000022803295432  -0.0000720916082829   0.0000018080188271   0.0000017057698231
   0.0000153775864891   0.0000272562430861   0.0000269626403025  -0.0000285052092226
  -0.0000121345596824   0.0000107288806094  -0.0000008516353888

$hessian_approx
 18 18
                  0          1          2          3          4          5    
      0       1.037594  -0.002780   0.052865  -0.495365  -0.014452  -0.075220
      1      -0.002780   0.832601  -0.014276   0.037664  -0.154760   0.035465
      2       0.052865  -0.014276   0.836393  -0.113324   0.023618  -0.160989
      3      -0.495365   0.037664  -0.113324 156.030461 308.364887 -190.008949
      4      -0.014452  -0.154760   0.023618 308.364887 612.080866 -377.332168
      5      -0.075220   0.035465  -0.160989 -190.008949 -377.332168 232.791430
      6      -0.005458  -0.055146   0.037940 -155.536138 -308.344693 190.088297
      7       0.000886   0.015385  -0.007390 -308.400724 -611.959397 377.293918
      8      -0.003025  -0.020127   0.019030 190.129263 377.306655 -232.665133
      9      -0.159524  -0.001241  -0.046563   0.011982  -0.007358  -0.058685
     10      -0.000659  -0.141824  -0.032951  -0.001562   0.006270   0.006634
     11      -0.036879  -0.026961  -0.338994  -0.002097   0.000601   0.010401
     12      -0.177423  -0.068477   0.040796  -0.004942  -0.045322   0.033468
     13      -0.062482  -0.275254   0.087123   0.001721   0.008031  -0.010171
     14       0.036413   0.085759  -0.191073  -0.000923  -0.020864   0.008627
     15      -0.199824   0.089980   0.028287  -0.005998   0.046937   0.021089
     16       0.079487  -0.276148  -0.056124  -0.001986   0.018989   0.006321
     17       0.025847  -0.059860  -0.164367  -0.003969   0.022158   0.015664
                  6          7          8          9         10         11    
      0      -0.005458   0.000886  -0.003025  -0.159524  -0.000659  -0.036879
      1      -0.055146   0.015385  -0.020127  -0.001241  -0.141824  -0.026961
      2       0.037940  -0.007390   0.019030  -0.046563  -0.032951  -0.338994
      3     -155.536138 -308.400724 190.129263   0.011982  -0.001562  -0.002097
      4     -308.344693 -611.959397 377.306655  -0.007358   0.006270   0.000601
      5     190.088297 377.293918 -232.665133  -0.058685   0.006634   0.010401
      6     155.541592 308.399850 -190.126222  -0.000015   0.001155  -0.000146
      7     308.399850 611.943974 -377.286580   0.000048  -0.003714   0.000471
      8     -190.126222 -377.286580 232.646033   0.000066  -0.005080   0.000644
      9      -0.000015   0.000048   0.000066   0.124028   0.002184   0.043492
     10       0.001155  -0.003714  -0.005080   0.002184   0.108010   0.031152
     11      -0.000146   0.000471   0.000644   0.043492   0.031152   0.339816
     12       0.000205  -0.000658  -0.000900   0.009664   0.018819  -0.004287
     13      -0.000658   0.002117   0.002895   0.011938   0.023246  -0.005296
     14      -0.000900   0.002895   0.003960   0.026277   0.051169  -0.011657
     15      -0.000186   0.000598   0.000819   0.013865  -0.019937  -0.000082
     16      -0.000508   0.001635   0.002237  -0.005571   0.008011   0.000033
     17       0.001031  -0.003315  -0.004534   0.035414  -0.050925  -0.000210
                 12         13         14         15         16         17    
      0      -0.177423  -0.062482   0.036413  -0.199824   0.079487   0.025847
      1      -0.068477  -0.275254   0.085759   0.089980  -0.276148  -0.059860
      2       0.040796   0.087123  -0.191073   0.028287  -0.056124  -0.164367
      3      -0.004942   0.001721  -0.000923  -0.005998  -0.001986  -0.003969
      4      -0.045322   0.008031  -0.020864   0.046937   0.018989   0.022158
      5       0.033468  -0.010171   0.008627   0.021089   0.006321   0.015664
      6       0.000205  -0.000658  -0.000900  -0.000186  -0.000508   0.001031
      7      -0.000658   0.002117   0.002895   0.000598   0.001635  -0.003315
      8      -0.000900   0.002895   0.003960   0.000819   0.002237  -0.004534
      9       0.009664   0.011938   0.026277   0.013865  -0.005571   0.035414
     10       0.018819   0.023246   0.051169  -0.019937   0.008011  -0.050925
     11      -0.004287  -0.005296  -0.011657  -0.000082   0.000033  -0.000210
     12       0.149314   0.071736  -0.042521   0.023182   0.023902  -0.026556
     13       0.071736   0.264805  -0.100044  -0.022254  -0.022945   0.025493
     14      -0.042521  -0.100044   0.169127  -0.018346  -0.018916   0.021016
     15       0.023182  -0.022254  -0.018346   0.168961  -0.095324  -0.031766
     16       0.023902  -0.022945  -0.018916  -0.095324   0.270458   0.066448
     17      -0.026556   0.025493   0.021016  -0.031766   0.066448   0.132432

$bmatrix
 15 18
                  0          1          2          3          4          5    
      0      -0.980010  -0.037438  -0.195395   0.980010   0.037438   0.195395
      1       0.000000   0.000000   0.000000  -0.394274  -0.782260   0.482304
      2       0.186920   0.125969   0.974265   0.000000   0.000000   0.000000
      3       0.366836   0.788756  -0.493250   0.000000   0.000000   0.000000
      4       0.480408  -0.817852  -0.316744   0.000000   0.000000   0.000000
      5       0.411875  -0.403165   0.388364   0.031376   0.304934  -0.215795
      6       0.548683  -0.050605  -0.454920  -0.074428   0.045279   0.364619
      7       0.371935   0.517841   0.322615   0.044416  -0.336948  -0.158209
      8      -0.449804   0.466356  -0.443194   0.000000   0.000000   0.000000
      9      -0.567075   0.021151   0.541845   0.000000   0.000000   0.000000
     10      -0.370376  -0.611426  -0.323423   0.000000   0.000000   0.000000
     11      -0.031379  -0.304926   0.215805  -0.466929   0.429907  -0.420452
     12      -0.130811  -0.220823   0.698395   0.152855  -0.345978  -0.700357
     13      -0.031613   0.743202   0.016157   0.130332  -0.564845  -0.545460
     14       0.089416  -0.287575  -0.393370   0.107661  -0.346286  -0.473631
                  6          7          8          9         10         11    
      0       0.000000   0.000000   0.000000   0.000000   0.000000   0.000000
      1       0.394274   0.782260  -0.482304   0.000000   0.000000   0.000000
      2       0.000000   0.000000   0.000000  -0.186920  -0.125969  -0.974265
      3       0.000000   0.000000   0.000000   0.000000   0.000000   0.000000
      4       0.000000   0.000000   0.000000   0.000000   0.000000   0.000000
      5       0.000000   0.000000   0.000000   0.000000   0.000000   0.000000
      6       0.000000   0.000000   0.000000  -0.474255   0.005326   0.090301
      7       0.000000   0.000000   0.000000   0.000000   0.000000   0.000000
      8       0.000000   0.000000   0.000000   0.275650  -0.396377  -0.001635
      9       0.000000   0.000000   0.000000   0.000000   0.000000   0.000000
     10       0.000000   0.000000   0.000000   0.216158   0.420928  -0.095896
     11       0.498308  -0.124981   0.204647   0.000000   0.000000   0.000000
     12      -0.105402   0.339014   0.463691   0.000000   0.000000   0.000000
     13      -0.105402   0.339014   0.463691   0.006683  -0.517372   0.065612
     14      -0.105402   0.339014   0.463691   0.000000   0.000000   0.000000
                 12         13         14         15         16         17    
      0       0.000000   0.000000   0.000000   0.000000   0.000000   0.000000
      1       0.000000   0.000000   0.000000   0.000000   0.000000   0.000000
      2       0.000000   0.000000   0.000000   0.000000   0.000000   0.000000
      3      -0.366836  -0.788756   0.493250   0.000000   0.000000   0.000000
      4       0.000000   0.000000   0.000000  -0.480408   0.817852   0.316744
      5      -0.443251   0.098232  -0.172569   0.000000   0.000000   0.000000
      6       0.000000   0.000000   0.000000   0.000000   0.000000   0.000000
      7       0.000000   0.000000   0.000000  -0.416351  -0.180893  -0.164406
      8       0.000000   0.000000   0.000000   0.174154  -0.069978   0.444829
      9       0.304284  -0.292105  -0.240805   0.262792   0.270953  -0.301039
     10       0.154218   0.190498   0.419319   0.000000   0.000000   0.000000
     11       0.000000   0.000000   0.000000   0.000000   0.000000   0.000000
     12       0.000000   0.000000   0.000000   0.083358   0.227787  -0.461729
     13       0.000000   0.000000   0.000000   0.000000   0.000000   0.000000
     14      -0.091676   0.294847   0.403309   0.000000   0.000000   0.000000

