
$orca_opt_file

$trust
    0.300000000000

$epredict
    0.000000000000

$ediffsc
  1000.000000000000

$ctyp
  3

$coordinates
 1 18
   5.69045672  -2.23141696   1.13104455   8.30463771  -2.13155061   1.65226126
   9.01805279  -0.71609282   0.77955927   5.30330097  -2.49232767  -0.88688249
   4.93517854  -3.85538713   2.14659661   4.69560095  -0.53776504   1.78697605


$constraints
 1
   2.07085514


# redundant internal coordinates
#  nbonds nangles ndihedrals nimpropers ncartesians
# bond  definitions A B
# angle definitions A B C
# dihedral definitions A B C D
# improper torsion definitions A B C D
# cartesian definitions A x/y/z
$redundant_internals
 5 7 3 0 0
   1   0   0
   2   1   0
   3   0   0
   4   0   0
   5   0  -1
   1   0   4   0   0
   1   0   3   0   0
   1   0   5   0   0
   3   0   5   0   0
   4   0   5   0   0
   3   0   4   0   0
   0   1   2   0   0
   2   1   0   5   0
   2   1   0   3   0
   2   1   0   4   0
$energies
 1
 -115.7380513183951081

$gradients
 1 18
  -0.0001455396451121   0.0001281036233029  -0.0000077424521709   0.0000267999959440
  -0.0000320374382466   0.0000294158816634   0.0000002282577102   0.0000099839475088
  -0.0000092193652902   0.0000085221529229   0.0000083375303888   0.0000020129686874
   0.0000392996464662  -0.0000122142760202   0.0000169162392178   0.0000706895939800
  -0.0001021733860971  -0.0000313832720413

$redundant_coords
 1 15
   2.6675049028249238   1.8094448251768320   2.0712299560814298   2.0589002431599805
   2.0708551370061472   1.8677971971518785   1.9587193013849928   1.9587508370238660
   1.8984459298755938   1.8887468123562434   1.8887548183584859   1.8980440493774444
  -1.0721633541430624   1.0721058642470147   3.1415597961021859

$redundant_gradients
 1 15
   0.0000299422053181   0.0000117791261431  -0.0000043612336034   0.0000034151861297
   0.0000000000000000  -0.0000627160996685  -0.0000002877815753  -0.0000018291645357
   0.0000136371097970   0.0000238842110285   0.0000285995567312  -0.0000087566554676
  -0.0000101957207717   0.0000061530895385   0.0000013008089444

$hessian_approx
 18 18
                  0          1          2          3          4          5    
      0     231.748410 -392.766935 -152.060074  -0.495368  -0.014463  -0.075230
      1     -392.766935 669.478087 258.944257   0.037611  -0.154743   0.035430
      2     -152.060074 258.944257 101.128054  -0.113286   0.023592  -0.160970
      3      -0.495368   0.037611  -0.113286   0.660269   0.102307   0.050955
      4      -0.014463  -0.154743   0.023592   0.102307   0.470847  -0.242723
      5      -0.075230   0.035430  -0.160970   0.050955  -0.242723   0.296088
      6      -0.005452  -0.055090   0.037902  -0.165941  -0.082116   0.028397
      7       0.000884   0.015370  -0.007381  -0.138091  -0.349400   0.204506
      8      -0.003023  -0.020106   0.019013   0.069321   0.217230  -0.169814
      9      -0.159531  -0.001235  -0.046574   0.011982  -0.007358  -0.058685
     10      -0.000649  -0.141831  -0.032936  -0.001562   0.006268   0.006631
     11      -0.036879  -0.026961  -0.338994  -0.002097   0.000601   0.010402
     12      -0.177433  -0.068481   0.040806  -0.004941  -0.045322   0.033468
     13      -0.062473  -0.275250   0.087113   0.001721   0.008032  -0.010169
     14       0.036420   0.085763  -0.191081  -0.000924  -0.020862   0.008629
     15     -230.910625 392.854131 152.141226  -0.006000   0.046951   0.021096
     16     392.843636 -668.921633 -259.014645  -0.001987   0.018996   0.006325
     17     152.138786 -259.018382 -100.456022  -0.003970   0.022162   0.015665
                  6          7          8          9         10         11    
      0      -0.005452   0.000884  -0.003023  -0.159531  -0.000649  -0.036879
      1      -0.055090   0.015370  -0.020106  -0.001235  -0.141831  -0.026961
      2       0.037902  -0.007381   0.019013  -0.046574  -0.032936  -0.338994
      3      -0.165941  -0.138091   0.069321   0.011982  -0.001562  -0.002097
      4      -0.082116  -0.349400   0.217230  -0.007358   0.006268   0.000601
      5       0.028397   0.204506  -0.169814  -0.058685   0.006631   0.010402
      6       0.171390   0.137218  -0.066283  -0.000015   0.001154  -0.000146
      7       0.137218   0.333992  -0.197176   0.000048  -0.003712   0.000471
      8      -0.066283  -0.197176   0.150732   0.000066  -0.005077   0.000644
      9      -0.000015   0.000048   0.000066   0.124031   0.002181   0.043492
     10       0.001154  -0.003712  -0.005077   0.002181   0.108015   0.031152
     11      -0.000146   0.000471   0.000644   0.043492   0.031152   0.339816
     12       0.000204  -0.000658  -0.000900   0.009664   0.018819  -0.004287
     13      -0.000658   0.002115   0.002893   0.011938   0.023246  -0.005296
     14      -0.000900   0.002894   0.003958   0.026277   0.051169  -0.011657
     15      -0.000186   0.000598   0.000818   0.013869  -0.019943  -0.000082
     16      -0.000508   0.001635   0.002236  -0.005573   0.008014   0.000033
     17       0.001030  -0.003313  -0.004532   0.035425  -0.050940  -0.000210
                 12         13         14         15         16         17    
      0      -0.177433  -0.062473   0.036420 -230.910625 392.843636 152.138786
      1      -0.068481  -0.275250   0.085763 392.854131 -668.921633 -259.018382
      2       0.040806   0.087113  -0.191081 152.141226 -259.014645 -100.456022
      3      -0.004941   0.001721  -0.000924  -0.006000  -0.001987  -0.003970
      4      -0.045322   0.008032  -0.020862   0.046951   0.018996   0.022162
      5       0.033468  -0.010169   0.008629   0.021096   0.006325   0.015665
      6       0.000204  -0.000658  -0.000900  -0.000186  -0.000508   0.001030
      7      -0.000658   0.002115   0.002894   0.000598   0.001635  -0.003313
      8      -0.000900   0.002893   0.003958   0.000818   0.002236  -0.004532
      9       0.009664   0.011938   0.026277   0.013869  -0.005573   0.035425
     10       0.018819   0.023246   0.051169  -0.019943   0.008014  -0.050940
     11      -0.004287  -0.005296  -0.011657  -0.000082   0.000033  -0.000210
     12       0.149318   0.071733  -0.042523   0.023189   0.023909  -0.026564
     13       0.071733   0.264808  -0.100042  -0.022261  -0.022952   0.025501
     14      -0.042523  -0.100042   0.169129  -0.018351  -0.018921   0.021022
     15       0.023189  -0.022261  -0.018351 230.879753 -392.859477 -152.144707
     16       0.023909  -0.022952  -0.018921 -392.859477 668.915940 259.024973
     17      -0.026564   0.025501   0.021022 -152.144707 259.024973 100.424077

$bmatrix
 15 18
                  0          1          2          3          4          5    
      0      -0.980010  -0.037438  -0.195395   0.980010   0.037438   0.195395
      1       0.000000   0.000000   0.000000  -0.394273  -0.782261   0.482304
      2       0.186921   0.125969   0.974265   0.000000   0.000000   0.000000
      3       0.366836   0.788756  -0.493250   0.000000   0.000000   0.000000
      4       0.480408  -0.817851  -0.316744   0.000000   0.000000   0.000000
      5       0.411875  -0.403165   0.388364   0.031376   0.304934  -0.215795
      6       0.548683  -0.050605  -0.454920  -0.074428   0.045279   0.364619
      7       0.372011   0.517874   0.322646   0.044416  -0.336948  -0.158209
      8      -0.449837   0.466368  -0.443275   0.000000   0.000000   0.000000
      9      -0.567123   0.021102   0.541900   0.000000   0.000000   0.000000
     10      -0.370376  -0.611425  -0.323423   0.000000   0.000000   0.000000
     11      -0.031379  -0.304927   0.215805  -0.466617   0.429829  -0.420323
     12      -0.130826  -0.220865   0.698480   0.152788  -0.345765  -0.700067
     13      -0.031613   0.743202   0.016157   0.130266  -0.564632  -0.545170
     14       0.089416  -0.287575  -0.393370   0.107595  -0.346073  -0.473340
                  6          7          8          9         10         11    
      0       0.000000   0.000000   0.000000   0.000000   0.000000   0.000000
      1       0.394273   0.782261  -0.482304   0.000000   0.000000   0.000000
      2       0.000000   0.000000   0.000000  -0.186921  -0.125969  -0.974265
      3       0.000000   0.000000   0.000000   0.000000   0.000000   0.000000
      4       0.000000   0.000000   0.000000   0.000000   0.000000   0.000000
      5       0.000000   0.000000   0.000000   0.000000   0.000000   0.000000
      6       0.000000   0.000000   0.000000  -0.474255   0.005326   0.090301
      7       0.000000   0.000000   0.000000   0.000000   0.000000   0.000000
      8       0.000000   0.000000   0.000000   0.275651  -0.396377  -0.001636
      9       0.000000   0.000000   0.000000   0.000000   0.000000   0.000000
     10       0.000000   0.000000   0.000000   0.216158   0.420928  -0.095896
     11       0.497996  -0.124902   0.204518   0.000000   0.000000   0.000000
     12      -0.105336   0.338801   0.463401   0.000000   0.000000   0.000000
     13      -0.105336   0.338801   0.463401   0.006683  -0.517372   0.065612
     14      -0.105336   0.338801   0.463401   0.000000   0.000000   0.000000
                 12         13         14         15         16         17    
      0       0.000000   0.000000   0.000000   0.000000   0.000000   0.000000
      1       0.000000   0.000000   0.000000   0.000000   0.000000   0.000000
      2       0.000000   0.000000   0.000000   0.000000   0.000000   0.000000
      3      -0.366836  -0.788756   0.493250   0.000000   0.000000   0.000000
      4       0.000000   0.000000   0.000000  -0.480408   0.817851   0.316744
      5      -0.443251   0.098232  -0.172569   0.000000   0.000000   0.000000
      6       0.000000   0.000000   0.000000   0.000000   0.000000   0.000000
      7       0.000000   0.000000   0.000000  -0.416427  -0.180926  -0.164436
      8       0.000000   0.000000   0.000000   0.174186  -0.069991   0.444911
      9       0.304283  -0.292105  -0.240805   0.262840   0.271003  -0.301094
     10       0.154218   0.190498   0.419319   0.000000   0.000000   0.000000
     11       0.000000   0.000000   0.000000   0.000000   0.000000   0.000000
     12       0.000000   0.000000   0.000000   0.083373   0.227829  -0.461814
     13       0.000000   0.000000   0.000000   0.000000   0.000000   0.000000
     14      -0.091676   0.294847   0.403309   0.000000   0.000000   0.000000

