
$orca_opt_file

$trust
    0.300000000000

$epredict
    0.000000000000

$ediffsc
  1000.000000000000

$ctyp
  3

$coordinates
 1 18
   5.69072884  -2.23188184   1.13086503   8.30490983  -2.13201548   1.65208173
   9.01832491  -0.71655580   0.77937975   5.30357309  -2.49279066  -0.88706201
   4.93545066  -3.85585201   2.14641708   4.69532883  -0.53730205   1.78715558


$constraints
 1
   2.07198917


# redundant internal coordinates
#  nbonds nangles ndihedrals nimpropers ncartesians
# bond  definitions A B
# angle definitions A B C
# dihedral definitions A B C D
# improper torsion definitions A B C D
# cartesian definitions A x/y/z
$redundant_internals
 5 7 3 0 0
   1   0   0
   2   1   0
   3   0   0
   4   0   0
   5   0  -1
   1   0   4   0   0
   1   0   3   0   0
   1   0   5   0   0
   3   0   5   0   0
   4   0   5   0   0
   3   0   4   0   0
   0   1   2   0   0
   2   1   0   5   0
   2   1   0   3   0
   2   1   0   4   0
$energies
 1
 -115.7380512803943731

$gradients
 1 18
   0.0000040328258133  -0.0001587293851643  -0.0001216069962703   0.0000454613755486
  -0.0000349490308375   0.0000312576281924   0.0000005479713202   0.0000108791750322
  -0.0000087422254511   0.0000116057353351  -0.0000022217951613  -0.0000017492828458
   0.0000427238739799  -0.0000210732761553   0.0000122420625620  -0.0001043717793945
   0.0002060943123340   0.0000885988145677

$redundant_coords
 1 15
   2.6675049028249234   1.8094463034359245   2.0712297180354202   2.0589002431599810
   2.0719891693035839   1.8677971971518788   1.9587193114495351   1.9587505600641040
   1.8984451840597463   1.8887471083972385   1.8887556137964530   1.8980438133460751
  -1.0721625103178849   1.0721055267970485   3.1415604363433132

$redundant_gradients
 1 15
   0.0000489207527758   0.0000123768360921   0.0000000580496539   0.0000068418557091
   0.0000000000000000  -0.0000678439609955  -0.0000057739408807  -0.0000034881538586
   0.0000229038066158   0.0000329201175601   0.0000226197433821  -0.0000082849917469
  -0.0000097042123634   0.0000134715807173  -0.0000050607068489

$hessian_approx
 18 18
                  0          1          2          3          4          5    
      0     231.747952 -392.766865 -152.059987  -0.495374  -0.014422  -0.075211
      1     -392.766865 669.478292 258.944291   0.037607  -0.154711   0.035444
      2     -152.059987 258.944291 101.127805  -0.113290   0.023618  -0.160955
      3      -0.495374   0.037607  -0.113290   0.660268   0.102309   0.050956
      4      -0.014422  -0.154711   0.023618   0.102309   0.470832  -0.242729
      5      -0.075211   0.035444  -0.160955   0.050956  -0.242729   0.296084
      6      -0.005452  -0.055091   0.037902  -0.165941  -0.082115   0.028397
      7       0.000885   0.015371  -0.007383  -0.138090  -0.349399   0.204505
      8      -0.003022  -0.020105   0.019010   0.069321   0.217229  -0.169813
      9      -0.159511  -0.001251  -0.046543   0.011982  -0.007358  -0.058685
     10      -0.000678  -0.141808  -0.032981  -0.001562   0.006268   0.006631
     11      -0.036879  -0.026961  -0.338994  -0.002097   0.000601   0.010402
     12      -0.177404  -0.068469   0.040775  -0.004941  -0.045322   0.033468
     13      -0.062502  -0.275262   0.087143   0.001721   0.008032  -0.010169
     14       0.036397   0.085753  -0.191056  -0.000924  -0.020862   0.008629
     15     -230.910212 392.854069 152.141142  -0.005994   0.046908   0.021076
     16     392.843582 -668.921881 -259.014688  -0.001985   0.018978   0.006318
     17     152.138703 -259.018422 -100.455810  -0.003967   0.022143   0.015653
                  6          7          8          9         10         11    
      0      -0.005452   0.000885  -0.003022  -0.159511  -0.000678  -0.036879
      1      -0.055091   0.015371  -0.020105  -0.001251  -0.141808  -0.026961
      2       0.037902  -0.007383   0.019010  -0.046543  -0.032981  -0.338994
      3      -0.165941  -0.138090   0.069321   0.011982  -0.001562  -0.002097
      4      -0.082115  -0.349399   0.217229  -0.007358   0.006268   0.000601
      5       0.028397   0.204505  -0.169813  -0.058685   0.006631   0.010402
      6       0.171390   0.137218  -0.066283  -0.000015   0.001154  -0.000146
      7       0.137218   0.333991  -0.197175   0.000048  -0.003712   0.000471
      8      -0.066283  -0.197175   0.150731   0.000066  -0.005077   0.000644
      9      -0.000015   0.000048   0.000066   0.124023   0.002192   0.043492
     10       0.001154  -0.003712  -0.005077   0.002192   0.108000   0.031152
     11      -0.000146   0.000471   0.000644   0.043492   0.031152   0.339816
     12       0.000204  -0.000658  -0.000900   0.009664   0.018819  -0.004287
     13      -0.000658   0.002115   0.002893   0.011938   0.023246  -0.005296
     14      -0.000900   0.002894   0.003958   0.026277   0.051169  -0.011657
     15      -0.000186   0.000598   0.000818   0.013857  -0.019926  -0.000082
     16      -0.000508   0.001634   0.002234  -0.005568   0.008006   0.000033
     17       0.001030  -0.003312  -0.004529   0.035393  -0.050894  -0.000210
                 12         13         14         15         16         17    
      0      -0.177404  -0.062502   0.036397 -230.910212 392.843582 152.138703
      1      -0.068469  -0.275262   0.085753 392.854069 -668.921881 -259.018422
      2       0.040775   0.087143  -0.191056 152.141142 -259.014688 -100.455810
      3      -0.004941   0.001721  -0.000924  -0.005994  -0.001985  -0.003967
      4      -0.045322   0.008032  -0.020862   0.046908   0.018978   0.022143
      5       0.033468  -0.010169   0.008629   0.021076   0.006318   0.015653
      6       0.000204  -0.000658  -0.000900  -0.000186  -0.000508   0.001030
      7      -0.000658   0.002115   0.002894   0.000598   0.001634  -0.003312
      8      -0.000900   0.002893   0.003958   0.000818   0.002234  -0.004529
      9       0.009664   0.011938   0.026277   0.013857  -0.005568   0.035393
     10       0.018819   0.023246   0.051169  -0.019926   0.008006  -0.050894
     11      -0.004287  -0.005296  -0.011657  -0.000082   0.000033  -0.000210
     12       0.149308   0.071742  -0.042516   0.023168   0.023888  -0.026540
     13       0.071742   0.264800  -0.100049  -0.022241  -0.022931   0.025478
     14      -0.042516  -0.100049   0.169123  -0.018335  -0.018904   0.021003
     15       0.023168  -0.022241  -0.018335 230.879367 -392.859409 -152.144619
     16       0.023888  -0.022931  -0.018904 -392.859409 668.916194 259.025007
     17      -0.026540   0.025478   0.021003 -152.144619 259.025007 100.423893

$bmatrix
 15 18
                  0          1          2          3          4          5    
      0      -0.980010  -0.037438  -0.195395   0.980010   0.037438   0.195395
      1       0.000000   0.000000   0.000000  -0.394273  -0.782261   0.482303
      2       0.186921   0.125968   0.974265   0.000000   0.000000   0.000000
      3       0.366836   0.788756  -0.493250   0.000000   0.000000   0.000000
      4       0.480408  -0.817852  -0.316744   0.000000   0.000000   0.000000
      5       0.411875  -0.403165   0.388364   0.031376   0.304934  -0.215795
      6       0.548683  -0.050604  -0.454920  -0.074428   0.045279   0.364619
      7       0.371783   0.517775   0.322556   0.044416  -0.336948  -0.158209
      8      -0.449741   0.466330  -0.443031   0.000000   0.000000   0.000000
      9      -0.566979   0.021250   0.541735   0.000000   0.000000   0.000000
     10      -0.370377  -0.611425  -0.323423   0.000000   0.000000   0.000000
     11      -0.031379  -0.304927   0.215805  -0.466617   0.429829  -0.420323
     12      -0.130780  -0.220740   0.698227   0.152788  -0.345764  -0.700066
     13      -0.031613   0.743202   0.016158   0.130266  -0.564631  -0.545170
     14       0.089416  -0.287575  -0.393370   0.107595  -0.346072  -0.473340
                  6          7          8          9         10         11    
      0       0.000000   0.000000   0.000000   0.000000   0.000000   0.000000
      1       0.394273   0.782261  -0.482303   0.000000   0.000000   0.000000
      2       0.000000   0.000000   0.000000  -0.186921  -0.125968  -0.974265
      3       0.000000   0.000000   0.000000   0.000000   0.000000   0.000000
      4       0.000000   0.000000   0.000000   0.000000   0.000000   0.000000
      5       0.000000   0.000000   0.000000   0.000000   0.000000   0.000000
      6       0.000000   0.000000   0.000000  -0.474255   0.005326   0.090301
      7       0.000000   0.000000   0.000000   0.000000   0.000000   0.000000
      8       0.000000   0.000000   0.000000   0.275650  -0.396377  -0.001636
      9       0.000000   0.000000   0.000000   0.000000   0.000000   0.000000
     10       0.000000   0.000000   0.000000   0.216159   0.420928  -0.095896
     11       0.497996  -0.124902   0.204518   0.000000   0.000000   0.000000
     12      -0.105336   0.338801   0.463401   0.000000   0.000000   0.000000
     13      -0.105336   0.338801   0.463401   0.006683  -0.517372   0.065612
     14      -0.105336   0.338801   0.463401   0.000000   0.000000   0.000000
                 12         13         14         15         16         17    
      0       0.000000   0.000000   0.000000   0.000000   0.000000   0.000000
      1       0.000000   0.000000   0.000000   0.000000   0.000000   0.000000
      2       0.000000   0.000000   0.000000   0.000000   0.000000   0.000000
      3      -0.366836  -0.788756   0.493250   0.000000   0.000000   0.000000
      4       0.000000   0.000000   0.000000  -0.480408   0.817852   0.316744
      5      -0.443251   0.098232  -0.172569   0.000000   0.000000   0.000000
      6       0.000000   0.000000   0.000000   0.000000   0.000000   0.000000
      7       0.000000   0.000000   0.000000  -0.416199  -0.180827  -0.164346
      8       0.000000   0.000000   0.000000   0.174091  -0.069953   0.444667
      9       0.304283  -0.292105  -0.240805   0.262696   0.270854  -0.300930
     10       0.154218   0.190498   0.419319   0.000000   0.000000   0.000000
     11       0.000000   0.000000   0.000000   0.000000   0.000000   0.000000
     12       0.000000   0.000000   0.000000   0.083328   0.227704  -0.461561
     13       0.000000   0.000000   0.000000   0.000000   0.000000   0.000000
     14      -0.091676   0.294847   0.403309   0.000000   0.000000   0.000000

