
$orca_opt_file

$trust
    0.300000000000

$epredict
    0.000000000000

$ediffsc
  1000.000000000000

$ctyp
  3

$coordinates
 1 18
   5.69091025  -2.23218986   1.13074598   8.30509125  -2.13232351   1.65196268
   9.01850632  -0.71686572   0.77925881   5.30375450  -2.49310057  -0.88718107
   4.93563207  -3.85616003   2.14629803   4.69514741  -0.53699214   1.78727652


$constraints
 1
   2.07274488


# redundant internal coordinates
#  nbonds nangles ndihedrals nimpropers ncartesians
# bond  definitions A B
# angle definitions A B C
# dihedral definitions A B C D
# improper torsion definitions A B C D
# cartesian definitions A x/y/z
$redundant_internals
 5 7 3 0 0
   1   0   0
   2   1   0
   3   0   0
   4   0   0
   5   0  -1
   1   0   4   0   0
   1   0   3   0   0
   1   0   5   0   0
   3   0   5   0   0
   4   0   5   0   0
   3   0   4   0   0
   0   1   2   0   0
   2   1   0   5   0
   2   1   0   3   0
   2   1   0   4   0
$energies
 1
 -115.7380510196454679

$gradients
 1 18
   0.0001033669519491  -0.0003490458839560  -0.0001972050465122   0.0000582683385737
  -0.0000362502560039   0.0000321004285942   0.0000004150069029   0.0000108055989937
  -0.0000080218889812   0.0000136526276958  -0.0000094424061532  -0.0000043770827625
   0.0000449896763386  -0.0000269775070748   0.0000090560833557  -0.0002206926030836
   0.0004109104541120   0.0001684475069143

$redundant_coords
 1 15
   2.6675049028249238   1.8094457365995491   2.0712299560814302   2.0589002431599810
   2.0727448751834392   1.8677971971518792   1.9587193013849926   1.9587503859700741
   1.8984462592994609   1.8887469455375259   1.8887548183584852   1.8980436628938089
  -1.0721643246754216   1.0721049885470628   3.1415589204022347

$redundant_gradients
 1 15
   0.0000615948521264   0.0000119204654064   0.0000031452437365   0.0000090966996863
   0.0000000000000000  -0.0000712608552592  -0.0000094360722583  -0.0000045892888104
   0.0000292270317194   0.0000389035787167   0.0000185151394092  -0.0000079914472316
  -0.0000094597277407   0.0000184588045299  -0.0000093392969580

$hessian_approx
 18 18
                  0          1          2          3          4          5    
      0     231.747718 -392.766792 -152.060122  -0.495377  -0.014394  -0.075199
      1     -392.766792 669.478135 258.944545   0.037605  -0.154690   0.035453
      2     -152.060122 258.944545 101.127862  -0.113292   0.023635  -0.160945
      3      -0.495377   0.037605  -0.113292   0.660268   0.102310   0.050956
      4      -0.014394  -0.154690   0.023635   0.102310   0.470822  -0.242734
      5      -0.075199   0.035453  -0.160945   0.050956  -0.242734   0.296083
      6      -0.005453  -0.055091   0.037903  -0.165941  -0.082115   0.028397
      7       0.000885   0.015372  -0.007384  -0.138090  -0.349399   0.204505
      8      -0.003022  -0.020104   0.019008   0.069321   0.217229  -0.169814
      9      -0.159497  -0.001262  -0.046522   0.011982  -0.007358  -0.058685
     10      -0.000697  -0.141793  -0.033011  -0.001562   0.006268   0.006631
     11      -0.036879  -0.026961  -0.338994  -0.002097   0.000601   0.010402
     12      -0.177383  -0.068461   0.040754  -0.004941  -0.045322   0.033468
     13      -0.062521  -0.275270   0.087163   0.001721   0.008032  -0.010169
     14       0.036381   0.085746  -0.191040  -0.000924  -0.020862   0.008629
     15     -230.910007 392.854001 152.141279  -0.005990   0.046880   0.021063
     16     392.843519 -668.921754 -259.014948  -0.001983   0.018966   0.006313
     17     152.138841 -259.018680 -100.455891  -0.003965   0.022131   0.015645
                  6          7          8          9         10         11    
      0      -0.005453   0.000885  -0.003022  -0.159497  -0.000697  -0.036879
      1      -0.055091   0.015372  -0.020104  -0.001262  -0.141793  -0.026961
      2       0.037903  -0.007384   0.019008  -0.046522  -0.033011  -0.338994
      3      -0.165941  -0.138090   0.069321   0.011982  -0.001562  -0.002097
      4      -0.082115  -0.349399   0.217229  -0.007358   0.006268   0.000601
      5       0.028397   0.204505  -0.169814  -0.058685   0.006631   0.010402
      6       0.171390   0.137218  -0.066283  -0.000015   0.001154  -0.000146
      7       0.137218   0.333991  -0.197176   0.000048  -0.003712   0.000471
      8      -0.066283  -0.197176   0.150732   0.000066  -0.005077   0.000644
      9      -0.000015   0.000048   0.000066   0.124018   0.002199   0.043492
     10       0.001154  -0.003712  -0.005077   0.002199   0.107989   0.031152
     11      -0.000146   0.000471   0.000644   0.043492   0.031152   0.339816
     12       0.000204  -0.000658  -0.000900   0.009664   0.018819  -0.004287
     13      -0.000658   0.002115   0.002893   0.011938   0.023246  -0.005296
     14      -0.000900   0.002894   0.003958   0.026277   0.051169  -0.011657
     15      -0.000186   0.000598   0.000817   0.013849  -0.019914  -0.000082
     16      -0.000508   0.001633   0.002234  -0.005565   0.008002   0.000033
     17       0.001029  -0.003310  -0.004528   0.035372  -0.050864  -0.000210
                 12         13         14         15         16         17    
      0      -0.177383  -0.062521   0.036381 -230.910007 392.843519 152.138841
      1      -0.068461  -0.275270   0.085746 392.854001 -668.921754 -259.018680
      2       0.040754   0.087163  -0.191040 152.141279 -259.014948 -100.455891
      3      -0.004941   0.001721  -0.000924  -0.005990  -0.001983  -0.003965
      4      -0.045322   0.008032  -0.020862   0.046880   0.018966   0.022131
      5       0.033468  -0.010169   0.008629   0.021063   0.006313   0.015645
      6       0.000204  -0.000658  -0.000900  -0.000186  -0.000508   0.001029
      7      -0.000658   0.002115   0.002894   0.000598   0.001633  -0.003310
      8      -0.000900   0.002893   0.003958   0.000817   0.002234  -0.004528
      9       0.009664   0.011938   0.026277   0.013849  -0.005565   0.035372
     10       0.018819   0.023246   0.051169  -0.019914   0.008002  -0.050864
     11      -0.004287  -0.005296  -0.011657  -0.000082   0.000033  -0.000210
     12       0.149302   0.071748  -0.042511   0.023154   0.023873  -0.026524
     13       0.071748   0.264794  -0.100054  -0.022227  -0.022918   0.025463
     14      -0.042511  -0.100054   0.169119  -0.018324  -0.018893   0.020991
     15       0.023154  -0.022227  -0.018324 230.879181 -392.859337 -152.144753
     16       0.023873  -0.022918  -0.018893 -392.859337 668.916070 259.025261
     17      -0.026524   0.025463   0.020991 -152.144753 259.025261 100.423993

$bmatrix
 15 18
                  0          1          2          3          4          5    
      0      -0.980010  -0.037438  -0.195395   0.980010   0.037438   0.195395
      1       0.000000   0.000000   0.000000  -0.394273  -0.782260   0.482305
      2       0.186921   0.125969   0.974265   0.000000   0.000000   0.000000
      3       0.366836   0.788756  -0.493250   0.000000   0.000000   0.000000
      4       0.480408  -0.817852  -0.316745   0.000000   0.000000   0.000000
      5       0.411875  -0.403165   0.388364   0.031376   0.304934  -0.215795
      6       0.548683  -0.050605  -0.454920  -0.074428   0.045279   0.364619
      7       0.371632   0.517708   0.322496   0.044416  -0.336948  -0.158209
      8      -0.449678   0.466304  -0.442869   0.000000   0.000000   0.000000
      9      -0.566883   0.021349   0.541625   0.000000   0.000000   0.000000
     10      -0.370376  -0.611425  -0.323423   0.000000   0.000000   0.000000
     11      -0.031379  -0.304926   0.215805  -0.466617   0.429829  -0.420324
     12      -0.130750  -0.220657   0.698058   0.152788  -0.345765  -0.700066
     13      -0.031613   0.743202   0.016157   0.130266  -0.564632  -0.545169
     14       0.089416  -0.287575  -0.393370   0.107595  -0.346073  -0.473339
                  6          7          8          9         10         11    
      0       0.000000   0.000000   0.000000   0.000000   0.000000   0.000000
      1       0.394273   0.782260  -0.482305   0.000000   0.000000   0.000000
      2       0.000000   0.000000   0.000000  -0.186921  -0.125969  -0.974265
      3       0.000000   0.000000   0.000000   0.000000   0.000000   0.000000
      4       0.000000   0.000000   0.000000   0.000000   0.000000   0.000000
      5       0.000000   0.000000   0.000000   0.000000   0.000000   0.000000
      6       0.000000   0.000000   0.000000  -0.474255   0.005326   0.090301
      7       0.000000   0.000000   0.000000   0.000000   0.000000   0.000000
      8       0.000000   0.000000   0.000000   0.275650  -0.396377  -0.001636
      9       0.000000   0.000000   0.000000   0.000000   0.000000   0.000000
     10       0.000000   0.000000   0.000000   0.216158   0.420928  -0.095896
     11       0.497996  -0.124902   0.204518   0.000000   0.000000   0.000000
     12      -0.105336   0.338802   0.463400   0.000000   0.000000   0.000000
     13      -0.105336   0.338802   0.463400   0.006683  -0.517372   0.065612
     14      -0.105336   0.338802   0.463400   0.000000   0.000000   0.000000
                 12         13         14         15         16         17    
      0       0.000000   0.000000   0.000000   0.000000   0.000000   0.000000
      1       0.000000   0.000000   0.000000   0.000000   0.000000   0.000000
      2       0.000000   0.000000   0.000000   0.000000   0.000000   0.000000
      3      -0.366836  -0.788756   0.493250   0.000000   0.000000   0.000000
      4       0.000000   0.000000   0.000000  -0.480408   0.817852   0.316745
      5      -0.443251   0.098232  -0.172569   0.000000   0.000000   0.000000
      6       0.000000   0.000000   0.000000   0.000000   0.000000   0.000000
      7       0.000000   0.000000   0.000000  -0.416047  -0.180761  -0.164286
      8       0.000000   0.000000   0.000000   0.174027  -0.069927   0.444505
      9       0.304283  -0.292105  -0.240806   0.262600   0.270756  -0.300820
     10       0.154218   0.190498   0.419319   0.000000   0.000000   0.000000
     11       0.000000   0.000000   0.000000   0.000000   0.000000   0.000000
     12       0.000000   0.000000   0.000000   0.083297   0.227621  -0.461392
     13       0.000000   0.000000   0.000000   0.000000   0.000000   0.000000
     14      -0.091676   0.294847   0.403309   0.000000   0.000000   0.000000

