
$orca_opt_file

$trust
    0.300000000000

$epredict
    0.000000000000

$ediffsc
  1000.000000000000

$ctyp
  3

$coordinates
 2 18
   5.69016003  -2.23535893   1.13366561   8.30472842  -2.13170557   1.65220268
   9.02098754  -0.71696398   0.78066854   5.30339167  -2.49248263  -0.88694296
   4.93526924  -3.85554209   2.14653614   4.69551024  -0.53761008   1.78703653

   5.69033204  -2.23339341   1.13226083   8.30431163  -2.13151628   1.65193789
   9.02178897  -0.71724032   0.78109239   5.30298283  -2.49221913  -0.88616081
   4.93519916  -3.85697138   2.14757657   4.69543252  -0.53832277   1.78645965


$constraints
 1
   1.90153387


# redundant internal coordinates
#  nbonds nangles ndihedrals nimpropers ncartesians
# bond  definitions A B
# angle definitions A B C
# dihedral definitions A B C D
# improper torsion definitions A B C D
# cartesian definitions A x/y/z
$redundant_internals
 5 7 3 0 0
   1   0   0
   2   1   0
   3   0   0
   4   0   0
   5   0   0
   1   0   4   0   0
   1   0   3   0   0
   1   0   5   0   0
   3   0   5   0   0
   4   0   5   0   0
   3   0   4   0   0
   0   1   2   0  -1
   2   1   0   5   0
   2   1   0   3   0
   2   1   0   4   0
$energies
 2
 -115.7380439095667413
 -115.7380497352253030

$gradients
 2 18
  -0.0004650055044509  -0.0024124349430010   0.0016575021289728  -0.0001143413912598
   0.0004477948947355  -0.0003546492534780   0.0003739292151172   0.0000038222742277
   0.0000802238891199  -0.0000220462543390   0.0001425218276950  -0.0006653972085006
   0.0004066367168887   0.0011652759346844  -0.0007643246959347  -0.0001791727786751
   0.0006530200113621   0.0000466451400940
  -0.0001618601500609  -0.0006512186875825   0.0004392350622315  -0.0002031836945652
   0.0003930140324150  -0.0003348924336764   0.0002923377052491  -0.0001001751190788
   0.0001377535741793   0.0000238109987491   0.0001467819260649  -0.0000776655342597
   0.0000159076089505   0.0000894781828849  -0.0000667025469178   0.0000329875328677
   0.0001221196664026  -0.0000977281216524

$redundant_coords
 2 15
   2.6675068071755881   1.8094453871427256   2.0732972133885776   2.0544488987754623
   2.0733000136440696   1.8702068658869788   1.9574750669584222   1.9575059415621170
   1.8956659811958738   1.8903361392858296   1.8903433949432136   1.9015338655997602
  -1.0694103108340225   1.0693505023008707   3.1415583076659659
   2.6670831442435201   1.8092324626301595   2.0714864387200822   2.0584210250947970
   2.0714887498017300   1.8687513304506203   1.9583207997179759   1.9583530269230671
   1.8966891282872225   1.8896277157209660   1.8896359299796448   1.9015338700005451
  -1.0706713975994242   1.0706926991880610  -3.1415862143176900

$redundant_gradients
 2 15
   0.0002190124357877   0.0001117279352914   0.0006351933389947  -0.0014453637776159
   0.0006353614754348   0.0003934573832846  -0.0002306750359314  -0.0002311468287038
  -0.0001145250296549   0.0001064956858094   0.0001062390504972   0.0000000000000000
   0.0002457322863304  -0.0002474347730686  -0.0000008800264229
   0.0000605523376152  -0.0000293628590998   0.0000531589561647  -0.0001094883433841
   0.0000532014720617   0.0001465406479315  -0.0000987630393307  -0.0000989636055670
  -0.0001019576719188   0.0000857740966345   0.0000854716959836   0.0000000000000000
   0.0001399904319336  -0.0001415996806212  -0.0000009353289437

$hessian_approx
 18 18
                  0          1          2          3          4          5    
      0       1.973522   9.334535  -6.560466  13.856071 -13.240026  12.856526
      1       9.334535  93.652574 -65.756624 142.365344 -131.364657 128.319338
      2      -6.560466 -65.756624  47.395934 -100.909978  92.947990 -91.012090
      3      13.856071 142.365344 -100.909978 218.553679 -200.844440 196.496953
      4     -13.240026 -131.364657  92.947990 -200.844440 185.782210 -181.405337
      5      12.856526 128.319338 -91.012090 196.496953 -181.405337 177.402203
      6     -15.297071 -151.735438 107.458670 -232.407838 214.092306 -209.350220
      7       3.862122  38.312757 -27.129674  58.505637 -54.432720  53.076245
      8      -6.302104 -62.499126  44.266958 -95.597442  88.442862 -86.419654
      9      -0.158087   0.003625  -0.049928   0.011848  -0.007207  -0.058635
     10       0.005144  -0.110407  -0.053574  -0.004509   0.004208   0.007279
     11      -0.044820  -0.049160  -0.323002   0.005855   0.006482   0.008050
     12      -0.175051  -0.062309   0.036975  -0.009337  -0.048839   0.034949
     13      -0.050436  -0.246869   0.068686  -0.011731  -0.001963  -0.006226
     14       0.028253   0.065794  -0.178969   0.007933  -0.014367   0.006049
     15      -0.199387   0.094244   0.024725  -0.004423   0.048207   0.020427
     16       0.088661  -0.243398  -0.076804  -0.010300   0.012922   0.008700
     17       0.022612  -0.080221  -0.148831  -0.003322   0.022369   0.015443
                  6          7          8          9         10         11    
      0     -15.297071   3.862122  -6.302104  -0.158087   0.005144  -0.044820
      1     -151.735438  38.312757 -62.499126   0.003625  -0.110407  -0.049160
      2     107.458670 -27.129674  44.266958  -0.049928  -0.053574  -0.323002
      3     -232.407838  58.505637 -95.597442   0.011848  -0.004509   0.005855
      4     214.092306 -54.432720  88.442862  -0.007207   0.004208   0.006482
      5     -209.350220  53.076245 -86.419654  -0.058635   0.007279   0.008050
      6     247.704128 -62.367516 101.899178  -0.000413   0.000769  -0.004185
      7     -62.367516  16.118027 -25.945182  -0.000331  -0.005024  -0.000718
      8     101.899178 -25.945182  42.153564   0.000266  -0.004179   0.000452
      9      -0.000413  -0.000331   0.000266   0.123775   0.002665   0.045086
     10       0.000769  -0.005024  -0.004179   0.002665   0.105822   0.039923
     11      -0.004185  -0.000718   0.000452   0.045086   0.039923   0.335492
     12       0.002986   0.000470  -0.001022   0.008386   0.013124  -0.004686
     13       0.006866   0.004755   0.002907   0.008395   0.006665  -0.002923
     14      -0.005771   0.001245   0.003940   0.028699   0.062088  -0.013421
     15      -0.001793  -0.000382   0.001126   0.014490  -0.017193   0.002749
     16       0.003013   0.002205   0.002718  -0.007144  -0.001265   0.006398
     17       0.002327  -0.001915  -0.005260   0.034512  -0.051537  -0.007572
                 12         13         14         15         16         17    
      0      -0.175051  -0.050436   0.028253  -0.199387   0.088661   0.022612
      1      -0.062309  -0.246869   0.065794   0.094244  -0.243398  -0.080221
      2       0.036975   0.068686  -0.178969   0.024725  -0.076804  -0.148831
      3      -0.009337  -0.011731   0.007933  -0.004423  -0.010300  -0.003322
      4      -0.048839  -0.001963  -0.014367   0.048207   0.012922   0.022369
      5       0.034949  -0.006226   0.006049   0.020427   0.008700   0.015443
      6       0.002986   0.006866  -0.005771  -0.001793   0.003013   0.002327
      7       0.000470   0.004755   0.001245  -0.000382   0.002205  -0.001915
      8      -0.001022   0.002907   0.003940   0.001126   0.002718  -0.005260
      9       0.008386   0.008395   0.028699   0.014490  -0.007144   0.034512
     10       0.013124   0.006665   0.062088  -0.017193  -0.001265  -0.051537
     11      -0.004686  -0.002923  -0.013421   0.002749   0.006398  -0.007572
     12       0.152286   0.075415  -0.044605   0.020729   0.022140  -0.021610
     13       0.075415   0.268619  -0.101585  -0.028509  -0.031209   0.039141
     14      -0.044605  -0.101585   0.170167  -0.014509  -0.013176   0.012234
     15       0.020729  -0.028509  -0.014509   0.170385  -0.096368  -0.034518
     16       0.022140  -0.031209  -0.013176  -0.096368   0.260744   0.072164
     17      -0.021610   0.039141   0.012234  -0.034518   0.072164   0.133986

$bmatrix
 15 18
                  0          1          2          3          4          5    
      0      -0.980089  -0.038198  -0.194848   0.980089   0.038198   0.194848
      1       0.000000   0.000000   0.000000  -0.396564  -0.781699   0.481334
      2       0.186991   0.124947   0.974383   0.000000   0.000000   0.000000
      3       0.366851   0.788749  -0.493250   0.000000   0.000000   0.000000
      4       0.480282  -0.818286  -0.315811   0.000000   0.000000   0.000000
      5       0.412315  -0.403229   0.388510   0.031037   0.304968  -0.215900
      6       0.548447  -0.049457  -0.455174  -0.074265   0.044754   0.364778
      7       0.371892   0.518399   0.321548   0.044499  -0.337233  -0.157718
      8      -0.448879   0.466413  -0.443025   0.000000   0.000000   0.000000
      9      -0.567565   0.021565   0.541741   0.000000   0.000000   0.000000
     10      -0.370787  -0.611296  -0.323909   0.000000   0.000000   0.000000
     11      -0.031036  -0.304969   0.215898  -0.466463   0.430994  -0.421111
     12      -0.130599  -0.218932   0.699833   0.153069  -0.347319  -0.701851
     13      -0.032612   0.743858   0.018215   0.130834  -0.565788  -0.547178
     14       0.089267  -0.287114  -0.392727   0.107925  -0.347118  -0.474813
                  6          7          8          9         10         11    
      0       0.000000   0.000000   0.000000   0.000000   0.000000   0.000000
      1       0.396564   0.781699  -0.481334   0.000000   0.000000   0.000000
      2       0.000000   0.000000   0.000000  -0.186991  -0.124947  -0.974383
      3       0.000000   0.000000   0.000000   0.000000   0.000000   0.000000
      4       0.000000   0.000000   0.000000   0.000000   0.000000   0.000000
      5       0.000000   0.000000   0.000000   0.000000   0.000000   0.000000
      6       0.000000   0.000000   0.000000  -0.474183   0.004703   0.090396
      7       0.000000   0.000000   0.000000   0.000000   0.000000   0.000000
      8       0.000000   0.000000   0.000000   0.275241  -0.396587  -0.001966
      9       0.000000   0.000000   0.000000   0.000000   0.000000   0.000000
     10       0.000000   0.000000   0.000000   0.216293   0.420885  -0.095479
     11       0.497499  -0.126025   0.205214   0.000000   0.000000   0.000000
     12      -0.105471   0.339229   0.464020   0.000000   0.000000   0.000000
     13      -0.105471   0.339229   0.464020   0.007250  -0.517298   0.064943
     14      -0.105471   0.339229   0.464020   0.000000   0.000000   0.000000
                 12         13         14         15         16         17    
      0       0.000000   0.000000   0.000000   0.000000   0.000000   0.000000
      1       0.000000   0.000000   0.000000   0.000000   0.000000   0.000000
      2       0.000000   0.000000   0.000000   0.000000   0.000000   0.000000
      3      -0.366851  -0.788749   0.493250   0.000000   0.000000   0.000000
      4       0.000000   0.000000   0.000000  -0.480282   0.818286   0.315811
      5      -0.443352   0.098262  -0.172610   0.000000   0.000000   0.000000
      6       0.000000   0.000000   0.000000   0.000000   0.000000   0.000000
      7       0.000000   0.000000   0.000000  -0.416390  -0.181166  -0.163830
      8       0.000000   0.000000   0.000000   0.173637  -0.069826   0.444991
      9       0.304538  -0.292143  -0.240665   0.263027   0.270578  -0.301076
     10       0.154494   0.190411   0.419387   0.000000   0.000000   0.000000
     11       0.000000   0.000000   0.000000   0.000000   0.000000   0.000000
     12       0.000000   0.000000   0.000000   0.083001   0.227022  -0.462002
     13       0.000000   0.000000   0.000000   0.000000   0.000000   0.000000
     14      -0.091720   0.295004   0.403520   0.000000   0.000000   0.000000

