
$orca_opt_file

$trust
    0.300000000000

$epredict
    0.000000000000

$ediffsc
  1000.000000000000

$ctyp
  3

$coordinates
 2 18
   5.69054742  -2.23157192   1.13098597   8.30527644  -2.13588942   1.65023547
   9.01814350  -0.71624778   0.77949880   5.30339167  -2.49248263  -0.88694296
   4.93526924  -3.85554209   2.14653614   4.69239408  -0.53896690   1.78580442

   5.69082800  -2.23142639   1.13098452   8.30548755  -2.13490244   1.64979725
   9.01799724  -0.71721759   0.78006396   5.30306134  -2.49259526  -0.88686788
   4.93539136  -3.85551300   2.14635434   4.69225686  -0.53904607   1.78578565


$constraints
 1
   1.96224147


# redundant internal coordinates
#  nbonds nangles ndihedrals nimpropers ncartesians
# bond  definitions A B
# angle definitions A B C
# dihedral definitions A B C D
# improper torsion definitions A B C D
# cartesian definitions A x/y/z
$redundant_internals
 5 7 3 0 0
   1   0   0
   2   1   0
   3   0   0
   4   0   0
   5   0   0
   1   0   4   0   0
   1   0   3   0   0
   1   0   5   0  -1
   3   0   5   0   0
   4   0   5   0   0
   3   0   4   0   0
   0   1   2   0   0
   2   1   0   5   0
   2   1   0   3   0
   2   1   0   4   0
$energies
 2
 -115.7380485540257098
 -115.7380499460053187

$gradients
 2 18
   0.0000527752272992   0.0004793286396134   0.0001249215620945  -0.0002404723234377
  -0.0013000807229353   0.0005213775256886   0.0003309150915557   0.0009156456142309
  -0.0005818369996139   0.0000648474452217   0.0000353288791796   0.0000093793782384
   0.0001036158953964   0.0000108798228665   0.0000501453164265  -0.0003116813327888
  -0.0001411022331177  -0.0001239867821891
   0.0001184844942203   0.0004620261944180   0.0001684393016197   0.0002076011241727
  -0.0003279649643038  -0.0000692530628802  -0.0000877203565453  -0.0000061447727575
  -0.0000073172338020   0.0000322278194581   0.0000203422041438  -0.0000002038449677
   0.0000481799437971  -0.0000043603713434   0.0000334129827941  -0.0003187730214581
  -0.0001438982900056  -0.0001250781428835

$redundant_coords
 2 15
   2.6675050138383125   1.8115584942418972   2.0712317971756806   2.0588993110536737
   2.0712337050108802   1.8669630729048412   1.9577711834129881   1.9622414666250980
   1.8974494417962136   1.8879317084857050   1.8887542071778063   1.8968120142564566
  -1.0692613521578449   1.0756048877408186  -3.1391935879803632
   2.6673822546096413   1.8094022094960245   2.0713040554562641   2.0589603505742908
   2.0712460007572786   1.8674015175787040   1.9579504251786859   1.9622414661736880
   1.8973178358478626   1.8877951676820006   1.8883839041757788   1.8974323412645850
  -1.0694004817547806   1.0754276907691092  -3.1394446948013277

$redundant_gradients
 2 15
   0.0000634596707225   0.0011268137248743  -0.0000254485963724  -0.0000220190801559
  -0.0000043304132476  -0.0001403187188919  -0.0000580063299483  -0.0000000000000000
   0.0000410089635217   0.0000544771055226   0.0001095579412386  -0.0002227551223441
  -0.0000069481714570   0.0000032876243688   0.0000156783034077
   0.0000908545251586  -0.0000363972387649  -0.0000081472136410   0.0000020943940500
  -0.0000034769499382  -0.0000713281970889  -0.0000310376827974   0.0000000000000000
   0.0000209310158008   0.0000266458064083   0.0000583706236306  -0.0001443381610304
  -0.0000020058718559   0.0000021372285276   0.0000107928371884

$hessian_approx
 18 18
                  0          1          2          3          4          5    
      0     180.888235 250.632727 156.155166  20.646344 -162.944289 -76.553156
      1     250.632727 350.060426 217.517293  29.520129 -227.068604 -106.602469
      2     156.155166 217.517293 136.324342  18.242451 -141.362730 -66.553656
      3      20.646344  29.520129  18.242451   3.196385 -18.992796  -8.983853
      4     -162.944289 -227.068604 -141.362730 -18.992796 147.902402  69.072871
      5     -76.553156 -106.602469 -66.553656  -8.983853  69.072871  32.825735
      6       0.014693  -0.059296   0.047688  -0.202903  -0.111523   0.042474
      7       0.062453   0.002350   0.024128  -0.201663  -0.345494   0.190669
      8      -0.042391  -0.011643  -0.001352   0.107568   0.209528  -0.157553
      9      -0.155944  -0.004740  -0.045270   0.013010   0.007543  -0.066801
     10      -0.006785  -0.154415  -0.039387  -0.001986   0.020351   0.006346
     11      -0.034806  -0.025090  -0.337370  -0.002616  -0.000817   0.009717
     12      -0.169545  -0.070291   0.045157  -0.004015  -0.027171   0.021291
     13      -0.065771  -0.281320   0.084018  -0.000036   0.011194  -0.008129
     14       0.034110   0.075322  -0.194266   0.000760  -0.001035   0.002571
     15     -201.223782 -280.018531 -174.445192 -23.648819 182.068236  85.540045
     16     -87.678335 -122.558437 -76.223321 -10.323648  79.480151  37.340714
     17     -79.558924 -110.953412 -69.237699  -9.364310  72.082184  33.873187
                  6          7          8          9         10         11    
      0       0.014693   0.062453  -0.042391  -0.155944  -0.006785  -0.034806
      1      -0.059296   0.002350  -0.011643  -0.004740  -0.154415  -0.025090
      2       0.047688   0.024128  -0.001352  -0.045270  -0.039387  -0.337370
      3      -0.202903  -0.201663   0.107568   0.013010  -0.001986  -0.002616
      4      -0.111523  -0.345494   0.209528   0.007543   0.020351  -0.000817
      5       0.042474   0.190669  -0.157553  -0.066801   0.006346   0.009717
      6       0.196984   0.171972  -0.086370  -0.003029  -0.000258   0.000267
      7       0.171972   0.349210  -0.201959  -0.011205  -0.008902   0.000749
      8      -0.086370  -0.201959   0.150535   0.007341  -0.001706   0.000509
      9      -0.003029  -0.011205   0.007341   0.122858   0.001452   0.043384
     10      -0.000258  -0.008902  -0.001706   0.001452   0.107645   0.031143
     11       0.000267   0.000749   0.000509   0.043384   0.031143   0.339813
     12      -0.003458  -0.015715   0.008912   0.007812   0.017963  -0.004430
     13       0.000183   0.003044   0.002360   0.011803   0.023183  -0.005285
     14      -0.004634  -0.008951   0.011549   0.025182   0.050664  -0.011773
     15      -0.002287  -0.005842   0.004940   0.015293  -0.010386  -0.001797
     16      -0.001079  -0.000209   0.003420  -0.004854   0.012136  -0.000700
     17       0.000575  -0.004634  -0.003689   0.036165  -0.047060  -0.000895
                 12         13         14         15         16         17    
      0      -0.169545  -0.065771   0.034110 -201.223782 -87.678335 -79.558924
      1      -0.070291  -0.281320   0.075322 -280.018531 -122.558437 -110.953412
      2       0.045157   0.084018  -0.194266 -174.445192 -76.223321 -69.237699
      3      -0.004015  -0.000036   0.000760 -23.648819 -10.323648  -9.364310
      4      -0.027171   0.011194  -0.001035 182.068236  79.480151  72.082184
      5       0.021291  -0.008129   0.002571  85.540045  37.340714  33.873187
      6      -0.003458   0.000183  -0.004634  -0.002287  -0.001079   0.000575
      7      -0.015715   0.003044  -0.008951  -0.005842  -0.000209  -0.004634
      8       0.008912   0.002360   0.011549   0.004940   0.003420  -0.003689
      9       0.007812   0.011803   0.025182   0.015293  -0.004854   0.036165
     10       0.017963   0.023183   0.050664  -0.010386   0.012136  -0.047060
     11      -0.004430  -0.005285  -0.011773  -0.001797  -0.000700  -0.000895
     12       0.146755   0.071459  -0.044215   0.022453   0.023755  -0.026714
     13       0.071459   0.264841  -0.100262  -0.017638  -0.020942   0.027299
     14      -0.044215  -0.100262   0.168070  -0.011203  -0.015737   0.023849
     15       0.022453  -0.017638  -0.011203 224.837142  97.984161  88.913208
     16       0.023755  -0.020942  -0.015737  97.984161  43.087301  38.895624
     17      -0.026714   0.027299   0.023849  88.913208  38.895624  35.345247

$bmatrix
 15 18
                  0          1          2          3          4          5    
      0      -0.980234  -0.036187  -0.194503   0.980234   0.036187   0.194503
      1       0.000000   0.000000   0.000000  -0.393782  -0.783510   0.480674
      2       0.187209   0.126089   0.974194   0.000000   0.000000   0.000000
      3       0.366902   0.788790  -0.493147   0.000000   0.000000   0.000000
      4       0.482111  -0.817083  -0.316139   0.000000   0.000000   0.000000
      5       0.411839  -0.403779   0.387587   0.031520   0.305073  -0.215608
      6       0.548262  -0.051471  -0.455044  -0.074043   0.045518   0.364685
      7       0.372059   0.518714   0.322905   0.043854  -0.336990  -0.158316
      8      -0.450599   0.465187  -0.443023   0.000000   0.000000   0.000000
      9      -0.567682   0.020590   0.540819   0.000000   0.000000   0.000000
     10      -0.370457  -0.611268  -0.323310   0.000000   0.000000   0.000000
     11      -0.031375  -0.305539   0.214967  -0.466885   0.431118  -0.418459
     12      -0.130793  -0.222210   0.700500   0.152063  -0.343355  -0.702471
     13      -0.030579   0.742254   0.016016   0.129145  -0.562555  -0.546190
     14       0.088702  -0.287618  -0.393522   0.106855  -0.344463  -0.474429
                  6          7          8          9         10         11    
      0       0.000000   0.000000   0.000000   0.000000   0.000000   0.000000
      1       0.393782   0.783510  -0.480674   0.000000   0.000000   0.000000
      2       0.000000   0.000000   0.000000  -0.187209  -0.126089  -0.974194
      3       0.000000   0.000000   0.000000   0.000000   0.000000   0.000000
      4       0.000000   0.000000   0.000000   0.000000   0.000000   0.000000
      5       0.000000   0.000000   0.000000   0.000000   0.000000   0.000000
      6       0.000000   0.000000   0.000000  -0.474219   0.005953   0.090359
      7       0.000000   0.000000   0.000000   0.000000   0.000000   0.000000
      8       0.000000   0.000000   0.000000   0.276349  -0.395868  -0.001868
      9       0.000000   0.000000   0.000000   0.000000   0.000000   0.000000
     10       0.000000   0.000000   0.000000   0.216170   0.420875  -0.096014
     11       0.498261  -0.125579   0.203492   0.000000   0.000000   0.000000
     12      -0.104606   0.337476   0.464397   0.000000   0.000000   0.000000
     13      -0.104606   0.337476   0.464397   0.006041  -0.517175   0.065777
     14      -0.104606   0.337476   0.464397   0.000000   0.000000   0.000000
                 12         13         14         15         16         17    
      0       0.000000   0.000000   0.000000   0.000000   0.000000   0.000000
      1       0.000000   0.000000   0.000000   0.000000   0.000000   0.000000
      2       0.000000   0.000000   0.000000   0.000000   0.000000   0.000000
      3      -0.366902  -0.788790   0.493147   0.000000   0.000000   0.000000
      4       0.000000   0.000000   0.000000  -0.482111   0.817083   0.316139
      5      -0.443359   0.098706  -0.171980   0.000000   0.000000   0.000000
      6       0.000000   0.000000   0.000000   0.000000   0.000000   0.000000
      7       0.000000   0.000000   0.000000  -0.415913  -0.181724  -0.164589
      8       0.000000   0.000000   0.000000   0.174251  -0.069319   0.444892
      9       0.304891  -0.291971  -0.240169   0.262791   0.271382  -0.300650
     10       0.154286   0.190394   0.419324   0.000000   0.000000   0.000000
     11       0.000000   0.000000   0.000000   0.000000   0.000000   0.000000
     12       0.000000   0.000000   0.000000   0.083336   0.228089  -0.462425
     13       0.000000   0.000000   0.000000   0.000000   0.000000   0.000000
     14      -0.090951   0.294605   0.403554   0.000000   0.000000   0.000000

