
$orca_opt_file

$trust
    0.300000000000

$epredict
    0.000000000000

$ediffsc
  1000.000000000000

$ctyp
  3

$coordinates
 1 18
   5.68999185  -2.23159271   1.13087448   8.30528400  -2.13168478   1.65231228
   9.01869908  -0.71622699   0.77961030   5.30283609  -2.49250342  -0.88705257
   4.93471366  -3.85556288   2.14642653   4.69495466  -0.53763086   1.78692503


$constraints
 1
   2.66863861


# redundant internal coordinates
#  nbonds nangles ndihedrals nimpropers ncartesians
# bond  definitions A B
# angle definitions A B C
# dihedral definitions A B C D
# improper torsion definitions A B C D
# cartesian definitions A x/y/z
$redundant_internals
 5 7 3 0 0
   1   0  -1
   2   1   0
   3   0   0
   4   0   0
   5   0   0
   1   0   4   0   0
   1   0   3   0   0
   1   0   5   0   0
   3   0   5   0   0
   4   0   5   0   0
   3   0   4   0   0
   0   1   2   0   0
   2   1   0   5   0
   2   1   0   3   0
   2   1   0   4   0
$energies
 1
 -115.7380510961270517

$gradients
 1 18
  -0.0004080434770781   0.0000015884252132  -0.0000941750499188   0.0004215975841254
   0.0000102401037693   0.0000866505785582   0.0000272084572019   0.0000012273408429
   0.0000036692977796  -0.0000237638449341   0.0000012242997971  -0.0000119024088664
   0.0000063256710157  -0.0000185802249006   0.0000100483178416  -0.0000233243885479
   0.0000043000556013   0.0000057092642775

$redundant_coords
 1 15
   2.6686386073735666   1.8094448251768329   2.0712299560814302   2.0589002431599810
   2.0712334634239493   1.8677970267595294   1.9587190994584884   1.9587510991908468
   1.8984456066702780   1.8887472713757665   1.8887548183584852   1.8980438789956977
  -1.0721627404568430   1.0721060980102406   3.1415598068825581

$redundant_gradients
 1 15
   0.0000000000000000   0.0000093482176742   0.0000161295264875   0.0000171442853435
   0.0000164969345294  -0.0000309729588362   0.0000273885134461   0.0000272449973309
  -0.0000153395168114  -0.0000050960831265  -0.0000054363049835   0.0000474496689082
  -0.0000111027621475   0.0000097181111855  -0.0000008587611170

$hessian_approx
 18 18
                  0          1          2          3          4          5    
      0     960.960360  36.667659 191.442625 -960.418217 -36.684892 -191.464986
      1      36.667659   2.233201   7.297120 -36.632875  -1.555407  -7.275959
      2     191.442625   7.297120  38.995503 -191.503019  -7.287784 -38.320134
      3     -960.418217 -36.632875 -191.503019 960.583084  36.772811 191.440685
      4     -36.684892  -1.555407  -7.287784  36.772811   1.871499   7.068623
      5     -191.464986  -7.275959 -38.320134 191.440685   7.068623  38.455196
      6      -0.005449  -0.055044   0.037875  -0.165908  -0.082181   0.028424
      7       0.000886   0.015351  -0.007385  -0.138111  -0.349345   0.204552
      8      -0.003017  -0.020099   0.018983   0.069316   0.217265  -0.169717
      9      -0.159486  -0.001247  -0.046615   0.011972  -0.007352  -0.058638
     10      -0.000661  -0.141785  -0.032949  -0.001555   0.006239   0.006603
     11      -0.036886  -0.026965  -0.338984  -0.002096   0.000604   0.010397
     12      -0.177402  -0.068522   0.040827  -0.004937  -0.045289   0.033438
     13      -0.062490  -0.275237   0.087126   0.001717   0.008034  -0.010150
     14       0.036417   0.085754  -0.191044  -0.000926  -0.020834   0.008638
     15      -0.199807   0.090029   0.028307  -0.005994   0.046902   0.021078
     16       0.079497  -0.276123  -0.056129  -0.001987   0.018981   0.006331
     17       0.025847  -0.059851  -0.164324  -0.003960   0.022126   0.015622
                  6          7          8          9         10         11    
      0      -0.005449   0.000886  -0.003017  -0.159486  -0.000661  -0.036886
      1      -0.055044   0.015351  -0.020099  -0.001247  -0.141785  -0.026965
      2       0.037875  -0.007385   0.018983  -0.046615  -0.032949  -0.338984
      3      -0.165908  -0.138111   0.069316   0.011972  -0.001555  -0.002096
      4      -0.082181  -0.349345   0.217265  -0.007352   0.006239   0.000604
      5       0.028424   0.204552  -0.169717  -0.058638   0.006603   0.010397
      6       0.171353   0.137237  -0.066282  -0.000015   0.001149  -0.000146
      7       0.137237   0.333956  -0.197218   0.000048  -0.003695   0.000469
      8      -0.066282  -0.197218   0.150664   0.000065  -0.005054   0.000641
      9      -0.000015   0.000048   0.000065   0.124000   0.002185   0.043497
     10       0.001149  -0.003695  -0.005054   0.002185   0.107984   0.031155
     11      -0.000146   0.000469   0.000641   0.043497   0.031155   0.339814
     12       0.000204  -0.000655  -0.000896   0.009664   0.018819  -0.004287
     13      -0.000655   0.002106   0.002880   0.011938   0.023246  -0.005296
     14      -0.000896   0.002880   0.003940   0.026277   0.051169  -0.011657
     15      -0.000185   0.000595   0.000814   0.013865  -0.019937  -0.000082
     16      -0.000506   0.001627   0.002225  -0.005571   0.008011   0.000033
     17       0.001025  -0.003298  -0.004510   0.035414  -0.050925  -0.000210
                 12         13         14         15         16         17    
      0      -0.177402  -0.062490   0.036417  -0.199807   0.079497   0.025847
      1      -0.068522  -0.275237   0.085754   0.090029  -0.276123  -0.059851
      2       0.040827   0.087126  -0.191044   0.028307  -0.056129  -0.164324
      3      -0.004937   0.001717  -0.000926  -0.005994  -0.001987  -0.003960
      4      -0.045289   0.008034  -0.020834   0.046902   0.018981   0.022126
      5       0.033438  -0.010150   0.008638   0.021078   0.006331   0.015622
      6       0.000204  -0.000655  -0.000896  -0.000185  -0.000506   0.001025
      7      -0.000655   0.002106   0.002880   0.000595   0.001627  -0.003298
      8      -0.000896   0.002880   0.003940   0.000814   0.002225  -0.004510
      9       0.009664   0.011938   0.026277   0.013865  -0.005571   0.035414
     10       0.018819   0.023246   0.051169  -0.019937   0.008011  -0.050925
     11      -0.004287  -0.005296  -0.011657  -0.000082   0.000033  -0.000210
     12       0.149289   0.071744  -0.042527   0.023182   0.023902  -0.026556
     13       0.071744   0.264796  -0.100054  -0.022254  -0.022945   0.025493
     14      -0.042527  -0.100054   0.169108  -0.018346  -0.018916   0.021016
     15       0.023182  -0.022254  -0.018346   0.168939  -0.095335  -0.031771
     16       0.023902  -0.022945  -0.018916  -0.095335   0.270448   0.066455
     17      -0.026556   0.025493   0.021016  -0.031771   0.066455   0.132408

$bmatrix
 15 18
                  0          1          2          3          4          5    
      0      -0.980010  -0.037438  -0.195395   0.980010   0.037438   0.195395
      1       0.000000   0.000000   0.000000  -0.394273  -0.782261   0.482304
      2       0.186921   0.125969   0.974265   0.000000   0.000000   0.000000
      3       0.366836   0.788756  -0.493250   0.000000   0.000000   0.000000
      4       0.480408  -0.817852  -0.316744   0.000000   0.000000   0.000000
      5       0.411888  -0.403036   0.388272   0.031363   0.304804  -0.215704
      6       0.548651  -0.050586  -0.454765  -0.074396   0.045260   0.364464
      7       0.371954   0.517698   0.322548   0.044397  -0.336805  -0.158142
      8      -0.449805   0.466355  -0.443194   0.000000   0.000000   0.000000
      9      -0.567075   0.021151   0.541845   0.000000   0.000000   0.000000
     10      -0.370376  -0.611425  -0.323423   0.000000   0.000000   0.000000
     11      -0.031365  -0.304797   0.215713  -0.466631   0.429700  -0.420232
     12      -0.130790  -0.220826   0.698295   0.152768  -0.345762  -0.699966
     13      -0.031602   0.743106   0.016122   0.130255  -0.564536  -0.545135
     14       0.089417  -0.287578  -0.393374   0.107594  -0.346070  -0.473336
                  6          7          8          9         10         11    
      0       0.000000   0.000000   0.000000   0.000000   0.000000   0.000000
      1       0.394273   0.782261  -0.482304   0.000000   0.000000   0.000000
      2       0.000000   0.000000   0.000000  -0.186921  -0.125969  -0.974265
      3       0.000000   0.000000   0.000000   0.000000   0.000000   0.000000
      4       0.000000   0.000000   0.000000   0.000000   0.000000   0.000000
      5       0.000000   0.000000   0.000000   0.000000   0.000000   0.000000
      6       0.000000   0.000000   0.000000  -0.474255   0.005326   0.090301
      7       0.000000   0.000000   0.000000   0.000000   0.000000   0.000000
      8       0.000000   0.000000   0.000000   0.275650  -0.396377  -0.001636
      9       0.000000   0.000000   0.000000   0.000000   0.000000   0.000000
     10       0.000000   0.000000   0.000000   0.216158   0.420928  -0.095896
     11       0.497996  -0.124903   0.204518   0.000000   0.000000   0.000000
     12      -0.105336   0.338801   0.463401   0.000000   0.000000   0.000000
     13      -0.105336   0.338801   0.463401   0.006683  -0.517372   0.065612
     14      -0.105336   0.338801   0.463401   0.000000   0.000000   0.000000
                 12         13         14         15         16         17    
      0       0.000000   0.000000   0.000000   0.000000   0.000000   0.000000
      1       0.000000   0.000000   0.000000   0.000000   0.000000   0.000000
      2       0.000000   0.000000   0.000000   0.000000   0.000000   0.000000
      3      -0.366836  -0.788756   0.493250   0.000000   0.000000   0.000000
      4       0.000000   0.000000   0.000000  -0.480408   0.817852   0.316744
      5      -0.443251   0.098232  -0.172569   0.000000   0.000000   0.000000
      6       0.000000   0.000000   0.000000   0.000000   0.000000   0.000000
      7       0.000000   0.000000   0.000000  -0.416351  -0.180893  -0.164406
      8       0.000000   0.000000   0.000000   0.174154  -0.069978   0.444829
      9       0.304284  -0.292105  -0.240805   0.262792   0.270953  -0.301039
     10       0.154218   0.190498   0.419319   0.000000   0.000000   0.000000
     11       0.000000   0.000000   0.000000   0.000000   0.000000   0.000000
     12       0.000000   0.000000   0.000000   0.083358   0.227787  -0.461729
     13       0.000000   0.000000   0.000000   0.000000   0.000000   0.000000
     14      -0.091675   0.294847   0.403309   0.000000   0.000000   0.000000

