
$orca_opt_file

$trust
    0.300000000000

$epredict
    0.000000000000

$ediffsc
  1000.000000000000

$ctyp
  3

$coordinates
 1 18
   5.69054742  -2.23157192   1.13098597   8.30472842  -2.13170557   1.65220268
   9.01814350  -0.71624778   0.77949880   5.30339167  -2.49248263  -0.88694296
   4.93301858  -3.85337835   2.14831626   4.69354492  -0.53964153   1.78928908


$constraints
 1
   1.88525718


# redundant internal coordinates
#  nbonds nangles ndihedrals nimpropers ncartesians
# bond  definitions A B
# angle definitions A B C
# dihedral definitions A B C D
# improper torsion definitions A B C D
# cartesian definitions A x/y/z
$redundant_internals
 5 7 3 0 0
   1   0   0
   2   1   0
   3   0   0
   4   0   0
   5   0   0
   1   0   4   0   0
   1   0   3   0   0
   1   0   5   0   0
   3   0   5   0   0
   4   0   5   0  -1
   3   0   4   0   0
   0   1   2   0   0
   2   1   0   5   0
   2   1   0   3   0
   2   1   0   4   0
$energies
 1
 -115.7380504122360350

$gradients
 1 18
   0.0000849374926407   0.0000269718065257  -0.0002348151145359   0.0001300318235135
  -0.0000218826991871  -0.0000030659481127   0.0000139075352919   0.0000067797411674
  -0.0000078942256675   0.0000455304668464   0.0000004297077046  -0.0000505586085881
  -0.0001398039253821   0.0001837736525653   0.0001312527128014  -0.0001346033908443
  -0.0001960722092199   0.0001650811847425

$redundant_coords
 1 15
   2.6675049028249234   1.8094457365995493   2.0712317971756806   2.0588994543940995
   2.0712328232537476   1.8687001450795195   1.9587191307408331   1.9595656511080692
   1.8992470935393537   1.8852571780929717   1.8895653474501979   1.8980436628938084
  -1.0738309178098207   1.0721048645581432  -3.1400644743700283

$redundant_gradients
 1 15
   0.0001386800573684   0.0000140433170828   0.0000409311701499  -0.0000286083658258
  -0.0000429414346738  -0.0000214518967884  -0.0000827063595772   0.0000392701253253
   0.0000296934835464  -0.0000000000000000   0.0000374348735216   0.0000157121772225
  -0.0000019576962510   0.0000044132232322  -0.0000108083997310

$hessian_approx
 18 18
                  0          1          2          3          4          5    
      0     509.426591 -18.973155 -485.783697  -0.498685  -0.015022  -0.058490
      1     -18.973155   1.539136  18.114906   0.037731  -0.154581   0.034798
      2     -485.783697  18.114906 465.122080  -0.110052   0.024109  -0.177286
      3      -0.498685   0.037731  -0.110052   0.660274   0.102310   0.050928
      4      -0.015022  -0.154581   0.024109   0.102310   0.470697  -0.242709
      5      -0.058490   0.034798  -0.177286   0.050928  -0.242709   0.296217
      6      -0.005453  -0.055085   0.037902  -0.165941  -0.082117   0.028397
      7       0.000885   0.015354  -0.007380  -0.138091  -0.349394   0.204505
      8      -0.003022  -0.020128   0.019013   0.069321   0.217237  -0.169814
      9      -0.158575  -0.001334  -0.047857   0.011982  -0.007358  -0.058685
     10      -0.001637  -0.141610  -0.032068  -0.001562   0.006268   0.006631
     11      -0.036934  -0.026971  -0.338859  -0.002097   0.000601   0.010402
     12     -273.034817  10.112909 260.794297  -0.003166  -0.044947   0.024491
     13     262.757385 -10.081846 -251.074319   0.000005   0.007748  -0.001507
     14     215.842519  -7.966876 -206.424334  -0.002350  -0.021117   0.015833
     15     -235.729062   8.878935 225.109408  -0.004464   0.047135   0.013359
     16     -243.768455   8.823547 232.974753  -0.000393   0.019262  -0.001718
     17     270.039624 -10.135729 -258.200615  -0.005750   0.021880   0.024648
                  6          7          8          9         10         11    
      0      -0.005453   0.000885  -0.003022  -0.158575  -0.001637  -0.036934
      1      -0.055085   0.015354  -0.020128  -0.001334  -0.141610  -0.026971
      2       0.037902  -0.007380   0.019013  -0.047857  -0.032068  -0.338859
      3      -0.165941  -0.138091   0.069321   0.011982  -0.001562  -0.002097
      4      -0.082117  -0.349394   0.217237  -0.007358   0.006268   0.000601
      5       0.028397   0.204505  -0.169814  -0.058685   0.006631   0.010402
      6       0.171390   0.137218  -0.066283  -0.000015   0.001154  -0.000146
      7       0.137218   0.333991  -0.197176   0.000048  -0.003712   0.000471
      8      -0.066283  -0.197176   0.150732   0.000066  -0.005077   0.000644
      9      -0.000015   0.000048   0.000066   0.124215   0.002208   0.043453
     10       0.001154  -0.003712  -0.005077   0.002208   0.107818   0.031172
     11      -0.000146   0.000471   0.000644   0.043453   0.031172   0.339819
     12       0.000204  -0.000657  -0.000899   0.009046   0.019357  -0.004238
     13      -0.000659   0.002121   0.002901   0.012635   0.022758  -0.005367
     14      -0.000899   0.002891   0.003954   0.026878   0.050694  -0.011711
     15      -0.000186   0.000598   0.000817   0.013348  -0.019519  -0.000037
     16      -0.000510   0.001640   0.002244  -0.006198   0.008478   0.000093
     17       0.001029  -0.003311  -0.004529   0.036146  -0.051352  -0.000295
                 12         13         14         15         16         17    
      0     -273.034817 262.757385 215.842519 -235.729062 -243.768455 270.039624
      1      10.112909 -10.081846  -7.966876   8.878935   8.823547 -10.135729
      2     260.794297 -251.074319 -206.424334 225.109408 232.974753 -258.200615
      3      -0.003166   0.000005  -0.002350  -0.004464  -0.000393  -0.005750
      4      -0.044947   0.007748  -0.021117   0.047135   0.019262   0.021880
      5       0.024491  -0.001507   0.015833   0.013359  -0.001718   0.024648
      6       0.000204  -0.000659  -0.000899  -0.000186  -0.000510   0.001029
      7      -0.000657   0.002121   0.002891   0.000598   0.001640  -0.003311
      8      -0.000899   0.002901   0.003954   0.000817   0.002244  -0.004529
      9       0.009046   0.012635   0.026878   0.013348  -0.006198   0.036146
     10       0.019357   0.022758   0.050694  -0.019519   0.008478  -0.051352
     11      -0.004238  -0.005367  -0.011711  -0.000037   0.000093  -0.000295
     12     146.594778 -140.986334 -115.868009 126.433955 130.899673 -144.945641
     13     -140.986334 136.133695 111.464537 -121.783031 -126.084475 139.613756
     14     -115.868009 111.464537  91.777006 -99.998139 -103.530128 114.639252
     15     126.433955 -121.783031 -99.998139 109.286409 112.875884 -125.125409
     16     130.899673 -126.084475 -103.530128 112.875884 117.231548 -129.445243
     17     -144.945641 139.613756 114.639252 -125.125409 -129.445243 143.541538

$bmatrix
 15 18
                  0          1          2          3          4          5    
      0      -0.980010  -0.037438  -0.195395   0.980010   0.037438   0.195395
      1       0.000000   0.000000   0.000000  -0.394273  -0.782260   0.482305
      2       0.186921   0.125969   0.974265   0.000000   0.000000   0.000000
      3       0.367929   0.787706  -0.494114   0.000000   0.000000   0.000000
      4       0.481357  -0.816871  -0.317832   0.000000   0.000000   0.000000
      5       0.411568  -0.403042   0.389222   0.031482   0.304593  -0.216260
      6       0.548682  -0.050605  -0.454920  -0.074428   0.045279   0.364619
      7       0.371598   0.517756   0.323563   0.044516  -0.336674  -0.158762
      8      -0.450826   0.466089  -0.442835   0.000000   0.000000   0.000000
      9      -0.566359   0.021131   0.541159   0.000000   0.000000   0.000000
     10      -0.371424  -0.611246  -0.323119   0.000000   0.000000   0.000000
     11      -0.031379  -0.304926   0.215805  -0.466617   0.429829  -0.420324
     12      -0.130762  -0.222066   0.698389   0.152815  -0.345379  -0.700274
     13      -0.031613   0.743202   0.016157   0.130266  -0.564632  -0.545169
     14       0.089427  -0.288663  -0.393215   0.107543  -0.345712  -0.473149
                  6          7          8          9         10         11    
      0       0.000000   0.000000   0.000000   0.000000   0.000000   0.000000
      1       0.394273   0.782260  -0.482305   0.000000   0.000000   0.000000
      2       0.000000   0.000000   0.000000  -0.186921  -0.125969  -0.974265
      3       0.000000   0.000000   0.000000   0.000000   0.000000   0.000000
      4       0.000000   0.000000   0.000000   0.000000   0.000000   0.000000
      5       0.000000   0.000000   0.000000   0.000000   0.000000   0.000000
      6       0.000000   0.000000   0.000000  -0.474255   0.005326   0.090301
      7       0.000000   0.000000   0.000000   0.000000   0.000000   0.000000
      8       0.000000   0.000000   0.000000   0.276282  -0.395936  -0.001814
      9       0.000000   0.000000   0.000000   0.000000   0.000000   0.000000
     10       0.000000   0.000000   0.000000   0.216845   0.420555  -0.095980
     11       0.497996  -0.124902   0.204518   0.000000   0.000000   0.000000
     12      -0.105336   0.338802   0.463400   0.000000   0.000000   0.000000
     13      -0.105336   0.338802   0.463400   0.006683  -0.517371   0.065612
     14      -0.105336   0.338802   0.463400   0.000000   0.000000   0.000000
                 12         13         14         15         16         17    
      0       0.000000   0.000000   0.000000   0.000000   0.000000   0.000000
      1       0.000000   0.000000   0.000000   0.000000   0.000000   0.000000
      2       0.000000   0.000000   0.000000   0.000000   0.000000   0.000000
      3      -0.367929  -0.787706   0.494114   0.000000   0.000000   0.000000
      4       0.000000   0.000000   0.000000  -0.481357   0.816871   0.317832
      5      -0.443050   0.098448  -0.172962   0.000000   0.000000   0.000000
      6       0.000000   0.000000   0.000000   0.000000   0.000000   0.000000
      7       0.000000   0.000000   0.000000  -0.416113  -0.181081  -0.164801
      8       0.000000   0.000000   0.000000   0.174544  -0.070153   0.444649
      9       0.303972  -0.292773  -0.240387   0.262387   0.271642  -0.300772
     10       0.154579   0.190691   0.419098   0.000000   0.000000   0.000000
     11       0.000000   0.000000   0.000000   0.000000   0.000000   0.000000
     12       0.000000   0.000000   0.000000   0.083283   0.228644  -0.461516
     13       0.000000   0.000000   0.000000   0.000000   0.000000   0.000000
     14      -0.091635   0.295573   0.402964   0.000000   0.000000   0.000000

