
$orca_opt_file

$trust
    0.300000000000

$epredict
    0.000000000000

$ediffsc
  1000.000000000000

$ctyp
  3

$coordinates
 2 18
   5.69054742  -2.23157192   1.13098597   8.30554667  -2.13798324   1.64925281
   9.01814350  -0.71624778   0.77949880   5.30339167  -2.49248263  -0.88694296
   4.93526924  -3.85554209   2.14653614   4.69083884  -0.53964720   1.78518837

   5.69091961  -2.23132128   1.13095532   8.30584480  -2.13651967   1.64862030
   9.01793926  -0.71774103   0.78035353   5.30288678  -2.49264214  -0.88686005
   4.93554858  -3.85550892   2.14628672   4.69059831  -0.53974182   1.78516333


$constraints
 1
   1.96398632


# redundant internal coordinates
#  nbonds nangles ndihedrals nimpropers ncartesians
# bond  definitions A B
# angle definitions A B C
# dihedral definitions A B C D
# improper torsion definitions A B C D
# cartesian definitions A x/y/z
$redundant_internals
 5 7 3 0 0
   1   0   0
   2   1   0
   3   0   0
   4   0   0
   5   0   0
   1   0   4   0   0
   1   0   3   0   0
   1   0   5   0  -1
   3   0   5   0   0
   4   0   5   0   0
   3   0   4   0   0
   0   1   2   0   0
   2   1   0   5   0
   2   1   0   3   0
   2   1   0   4   0
$energies
 2
 -115.7380450669804333
 -115.7380481348908035

$gradients
 2 18
   0.0001277698338591   0.0007035590079364   0.0002100153351427  -0.0003780938914488
  -0.0019353993301023   0.0007655414749095   0.0004953469752921   0.0013698725531859
  -0.0008668278852066   0.0000925488076665   0.0000506240579658   0.0000140037757525
   0.0001353463965778   0.0000238473261421   0.0000676826872917  -0.0004729181220602
  -0.0002125036153463  -0.0001904153869402
   0.0002089330355632   0.0006884171864687   0.0002639499382986   0.0002989717354950
  -0.0004868299309434  -0.0001098675461322  -0.0001313379912631  -0.0000101870521999
  -0.0000093765850156   0.0000449172669830   0.0000276215245131  -0.0000009472018279
   0.0000614979888160  -0.0000028193917394   0.0000473482817402  -0.0004829820346863
  -0.0002162023361664  -0.0001911068864582

$redundant_coords
 2 15
   2.6675045286261829   1.8126218551566395   2.0712317971756806   2.0588993110536737
   2.0712332802425837   1.8665446790973537   1.9572974199301802   1.9639863181694790
   1.8969517218272529   1.8875236389039618   1.8887542071778063   1.8961934144201398
  -1.0678148797027425   1.0773503326304221  -3.1379803704966185
   2.6673578879455282   1.8093917573569149   2.0713369957968175   2.0589970127981756
   2.0712488799022570   1.8670993385451469   1.9575623275744414   1.9639863142838108
   1.8967908036307142   1.8873548431584204   1.8882336301995370   1.8971142624290307
  -1.0680652465446707   1.0770883978071979  -3.1383782920243877

$redundant_gradients
 2 15
   0.0000758056010769   0.0016844831382722  -0.0000370501789606  -0.0000352447415255
  -0.0000054940659084  -0.0001782947862019  -0.0000855649134500  -0.0000000000000000
   0.0000535815774396   0.0000686849589224   0.0001512278365706  -0.0003305568648699
  -0.0000054354358567   0.0000004198102388   0.0000242964062046
   0.0001238500391234  -0.0000557207988739  -0.0000107213532617   0.0000028683945773
  -0.0000037224910382  -0.0000914479590973  -0.0000433977982558   0.0000000000000000
   0.0000269566670537   0.0000328777874716   0.0000800295960776  -0.0002152517930902
  -0.0000011361925785   0.0000015413937714   0.0000170201736881

$hessian_approx
 18 18
                  0          1          2          3          4          5    
      0     181.027382 250.909606 156.319367  20.500676 -163.010533 -76.622379
      1     250.909606 350.577271 217.822325  29.328476 -227.256393 -106.730136
      2     156.319367 217.822325 136.505403  18.121125 -141.465820 -66.630506
      3      20.500676  29.328476  18.121125   3.159081 -18.859317  -8.920497
      4     -163.010533 -227.256393 -141.465820 -18.859317 147.925928  69.110741
      5     -76.622379 -106.730136 -66.630506  -8.920497  69.110741  32.856205
      6       0.012561  -0.059717   0.046827  -0.201716  -0.110311   0.042276
      7       0.055580   0.001898   0.021383  -0.198626  -0.343107   0.190485
      8      -0.037810  -0.011364   0.000426   0.105436   0.207704  -0.157139
      9      -0.156934  -0.004550  -0.045780   0.012998   0.006564  -0.065999
     10      -0.007025  -0.154295  -0.039614  -0.001918   0.020253   0.006516
     11      -0.034881  -0.025118  -0.337381  -0.002655  -0.000935   0.009801
     12      -0.171498  -0.069981   0.044267  -0.003929  -0.029509   0.023063
     13      -0.065519  -0.281419   0.084210   0.000025   0.011946  -0.008601
     14       0.033184   0.075478  -0.194602   0.000937  -0.001860   0.003258
     15     -201.212186 -280.103834 -174.485805 -23.467109 182.003104  85.543535
     16     -87.882110 -122.887063 -76.422485 -10.268641  79.641374  37.430995
     17     -79.657481 -111.131185 -69.343340  -9.304347  72.150170  33.918382
                  6          7          8          9         10         11    
      0       0.012561   0.055580  -0.037810  -0.156934  -0.007025  -0.034881
      1      -0.059717   0.001898  -0.011364  -0.004550  -0.154295  -0.025118
      2       0.046827   0.021383   0.000426  -0.045780  -0.039614  -0.337381
      3      -0.201716  -0.198626   0.105436   0.012998  -0.001918  -0.002655
      4      -0.110311  -0.343107   0.207704   0.006564   0.020253  -0.000935
      5       0.042276   0.190485  -0.157139  -0.065999   0.006516   0.009801
      6       0.196441   0.171076  -0.085691  -0.002755  -0.000228   0.000325
      7       0.171076   0.347235  -0.200377  -0.010395  -0.008834   0.000868
      8      -0.085691  -0.200377   0.149251   0.006783  -0.001758   0.000434
      9      -0.002755  -0.010395   0.006783   0.123055   0.001416   0.043397
     10      -0.000228  -0.008834  -0.001758   0.001416   0.107600   0.031166
     11       0.000325   0.000868   0.000434   0.043397   0.031166   0.339814
     12      -0.002963  -0.013807   0.007635   0.008142   0.018073  -0.004405
     13       0.000059   0.002446   0.002744   0.011743   0.023149  -0.005287
     14      -0.004494  -0.008302   0.011089   0.025334   0.050708  -0.011765
     15      -0.001567  -0.003829   0.003646   0.015495  -0.010319  -0.001780
     16      -0.000879   0.000362   0.003051  -0.004777   0.012127  -0.000694
     17       0.000757  -0.004058  -0.004061   0.036265  -0.047019  -0.000901
                 12         13         14         15         16         17    
      0      -0.171498  -0.065519   0.033184 -201.212186 -87.882110 -79.657481
      1      -0.069981  -0.281419   0.075478 -280.103834 -122.887063 -111.131185
      2       0.044267   0.084210  -0.194602 -174.485805 -76.422485 -69.343340
      3      -0.003929   0.000025   0.000937 -23.467109 -10.268641  -9.304347
      4      -0.029509   0.011946  -0.001860 182.003104  79.641374  72.150170
      5       0.023063  -0.008601   0.003258  85.543535  37.430995  33.918382
      6      -0.002963   0.000059  -0.004494  -0.001567  -0.000879   0.000757
      7      -0.013807   0.002446  -0.008302  -0.003829   0.000362  -0.004058
      8       0.007635   0.002744   0.011089   0.003646   0.003051  -0.004061
      9       0.008142   0.011743   0.025334   0.015495  -0.004777   0.036265
     10       0.018073   0.023149   0.050708  -0.010319   0.012127  -0.047019
     11      -0.004405  -0.005287  -0.011765  -0.001780  -0.000694  -0.000901
     12       0.147453   0.071333  -0.043929   0.022793   0.023891  -0.026633
     13       0.071333   0.264829  -0.100348  -0.017640  -0.020953   0.027283
     14      -0.043929  -0.100348   0.168159  -0.011035  -0.015675   0.023862
     15       0.022793  -0.017640  -0.011035 224.642573  98.132518  88.951439
     16       0.023891  -0.020953  -0.015675  98.132518  43.254152  39.004807
     17      -0.026633   0.027283   0.023862  88.951439  39.004807  35.406058

$bmatrix
 15 18
                  0          1          2          3          4          5    
      0      -0.980343  -0.035541  -0.194074   0.980343   0.035541   0.194074
      1       0.000000   0.000000   0.000000  -0.393555  -0.784119   0.479867
      2       0.187334   0.126160   0.974161   0.000000   0.000000   0.000000
      3       0.366864   0.788825  -0.493119   0.000000   0.000000   0.000000
      4       0.482956  -0.816695  -0.315852   0.000000   0.000000   0.000000
      5       0.411824  -0.404051   0.387174   0.031601   0.305139  -0.215508
      6       0.548058  -0.051923  -0.455089  -0.073855   0.045643   0.364711
      7       0.372124   0.519131   0.323068   0.043571  -0.337003  -0.158376
      8      -0.450996   0.464613  -0.442947   0.000000   0.000000   0.000000
      9      -0.567952   0.020294   0.540353   0.000000   0.000000   0.000000
     10      -0.370450  -0.611233  -0.323249   0.000000   0.000000   0.000000
     11      -0.031385  -0.305836   0.214549  -0.466999   0.431756  -0.417534
     12      -0.130798  -0.222923   0.701536   0.151703  -0.342151  -0.703649
     13      -0.030045   0.741774   0.015927   0.128580  -0.561516  -0.546676
     14       0.088337  -0.287603  -0.393556   0.106491  -0.343688  -0.474987
                  6          7          8          9         10         11    
      0       0.000000   0.000000   0.000000   0.000000   0.000000   0.000000
      1       0.393555   0.784119  -0.479867   0.000000   0.000000   0.000000
      2       0.000000   0.000000   0.000000  -0.187334  -0.126160  -0.974161
      3       0.000000   0.000000   0.000000   0.000000   0.000000   0.000000
      4       0.000000   0.000000   0.000000   0.000000   0.000000   0.000000
      5       0.000000   0.000000   0.000000   0.000000   0.000000   0.000000
      6       0.000000   0.000000   0.000000  -0.474203   0.006279   0.090378
      7       0.000000   0.000000   0.000000   0.000000   0.000000   0.000000
      8       0.000000   0.000000   0.000000   0.276698  -0.395614  -0.001975
      9       0.000000   0.000000   0.000000   0.000000   0.000000   0.000000
     10       0.000000   0.000000   0.000000   0.216143   0.420867  -0.096070
     11       0.498385  -0.125919   0.202986   0.000000   0.000000   0.000000
     12      -0.104241   0.336818   0.464881   0.000000   0.000000   0.000000
     13      -0.104241   0.336818   0.464881   0.005707  -0.517076   0.065867
     14      -0.104241   0.336818   0.464881   0.000000   0.000000   0.000000
                 12         13         14         15         16         17    
      0       0.000000   0.000000   0.000000   0.000000   0.000000   0.000000
      1       0.000000   0.000000   0.000000   0.000000   0.000000   0.000000
      2       0.000000   0.000000   0.000000   0.000000   0.000000   0.000000
      3      -0.366864  -0.788825   0.493119   0.000000   0.000000   0.000000
      4       0.000000   0.000000   0.000000  -0.482956   0.816695   0.315852
      5      -0.443425   0.098912  -0.171667   0.000000   0.000000   0.000000
      6       0.000000   0.000000   0.000000   0.000000   0.000000   0.000000
      7       0.000000   0.000000   0.000000  -0.415695  -0.182129  -0.164692
      8       0.000000   0.000000   0.000000   0.174298  -0.068999   0.444922
      9       0.305189  -0.291889  -0.239874   0.262764   0.271595  -0.300479
     10       0.154307   0.190365   0.419320   0.000000   0.000000   0.000000
     11       0.000000   0.000000   0.000000   0.000000   0.000000   0.000000
     12       0.000000   0.000000   0.000000   0.083337   0.228255  -0.462769
     13       0.000000   0.000000   0.000000   0.000000   0.000000   0.000000
     14      -0.090587   0.294472   0.403662   0.000000   0.000000   0.000000

