
$orca_opt_file

$trust
    0.300000000000

$epredict
    0.000000000000

$ediffsc
  1000.000000000000

$ctyp
  3

$coordinates
 3 18
   5.69154520  -2.22210439   1.12429067   8.30472842  -2.13170557   1.65220268
   9.01102301  -0.71447711   0.77658484   5.30339167  -2.49248263  -0.88694296
   4.93526924  -3.85554209   2.14653614   4.69551024  -0.53761008   1.78703653

   5.69146079  -2.22724774   1.12802615   8.30595542  -2.13203873   1.65270682
   9.00881432  -0.71355174   0.77542964   5.30454452  -2.49319389  -0.88865055
   4.93472863  -3.85186646   2.14373454   4.69596409  -0.53602330   1.78846129

   5.69151781  -2.22955850   1.12972709   8.30649042  -2.13171065   1.65257831
   9.00729857  -0.71285335   0.77458614   5.30568085  -2.49167416  -0.88838853
   4.93305426  -3.85259611   2.14389106   4.69742587  -0.53552910   1.78731382


$constraints
 1
   1.88931746


# redundant internal coordinates
#  nbonds nangles ndihedrals nimpropers ncartesians
# bond  definitions A B
# angle definitions A B C
# dihedral definitions A B C D
# improper torsion definitions A B C D
# cartesian definitions A x/y/z
$redundant_internals
 5 7 3 0 0
   1   0   0
   2   1   0
   3   0   0
   4   0   0
   5   0   0
   1   0   4   0   0
   1   0   3   0   0
   1   0   5   0   0
   3   0   5   0   0
   4   0   5   0   0
   3   0   4   0   0
   0   1   2   0  -1
   2   1   0   5   0
   2   1   0   3   0
   2   1   0   4   0
$energies
 3
 -115.7380041862592748
 -115.7380416091722424
 -115.7380447460304111

$gradients
 3 18
   0.0007891543940521   0.0060584319684859  -0.0042489647002425   0.0003990088707947
  -0.0012314246704760   0.0009887233120894  -0.0009403861437527   0.0000232411035192
  -0.0002315080858368   0.0000913764465300  -0.0003284187215927   0.0016689695489933
  -0.0008363249716590  -0.0028929712388809   0.0019195326984748   0.0004971714051183
  -0.0016288584414925  -0.0000967527730943
   0.0001926653579693   0.0016599959992770  -0.0011702579854870   0.0006000141023065
  -0.0010183856953726   0.0008779930925954  -0.0007501671004293   0.0002525470866869
  -0.0003553269896867  -0.0000345195317740  -0.0003451496926149   0.0002039062509497
   0.0000359559878460  -0.0002390629626596   0.0001783422163184  -0.0000439488156610
  -0.0003099447356783   0.0002653434160259
   0.0000452296429558   0.0005658311127506  -0.0004038262469247   0.0006971792665623
  -0.0007046893454196   0.0006701938349465  -0.0007397566345821   0.0002017102028534
  -0.0003154718498525   0.0000003882241972  -0.0001475454529616  -0.0000366964823528
   0.0000358815825701   0.0001012618608697  -0.0000702349817584  -0.0000389220811438
  -0.0000165683783030   0.0001560357257155

$redundant_coords
 3 15
   2.6675062439152812   1.8094460880535557   2.0661142960063286   2.0700381196860764
   2.0661168437200668   1.8618001161613735   1.9618073134967855   1.9618385013536839
   1.9053776591767209   1.8847350638863813   1.8847420995710822   1.8893174582302905
  -1.0790911524061828   1.0790309670649232   3.1415581050577743
   2.6683209560958812   1.8098981237292195   2.0706077560325209   2.0600225900904490
   2.0706106215562303   1.8661934948343994   1.9597131866989688   1.9597441428882092
   1.9025659558905899   1.8862740732877070   1.8862847215884067   1.8893174599995373
  -1.0756065670467041   1.0755919540564722   3.1415830664594324
   2.6685256927864538   1.8097398613417572   2.0713197348382186   2.0586516436797027
   2.0713219610151623   1.8685974384738113   1.9585152034535780   1.9585482416085409
   1.9001301528285812   1.8876448725898471   1.8876558725325077   1.8893174599999734
  -1.0730844938328377   1.0730951465334284  -3.1415900425584953

$redundant_gradients
 3 15
  -0.0004212095808390  -0.0002372208184140  -0.0015986460660845   0.0035361705112154
  -0.0015987512172075  -0.0012082312655004   0.0005600914687218   0.0005600432537579
   0.0003379374494981  -0.0001723853228463  -0.0001731342663158   0.0000000000000000
  -0.0006557450482733   0.0006550258934448  -0.0000007789993447
  -0.0000713972841525   0.0000783675793245  -0.0001476136250800   0.0002631383729658
  -0.0001474194011487  -0.0004638977373681   0.0002253686568503   0.0002248165428662
   0.0002897645171077  -0.0001617412489939  -0.0001618569325264   0.0000000000000000
  -0.0003623455197379   0.0003618808397557  -0.0000001368768731
   0.0000096541209497   0.0000241873010011   0.0000545653835407  -0.0001277929379794
   0.0000546540598724  -0.0000498573980761   0.0000226199163279   0.0000222684907825
   0.0001425101940638  -0.0000753568716171  -0.0000751838467372   0.0000000000000000
  -0.0001107632020706   0.0001105203450447   0.0000000864756430

$hessian_approx
 18 18
                  0          1          2          3          4          5    
      0       2.122834  10.026142  -7.034409  14.860643 -14.111148  13.722000
      1      10.026142  93.611628 -65.561896 142.042660 -130.527615 127.632171
      2      -7.034409 -65.561896  47.155657 -100.445371  92.136797 -90.314480
      3      14.860643 142.042660 -100.445371 217.695237 -199.234635 195.124759
      4     -14.111148 -130.527615  92.136797 -199.234635 183.533740 -179.395129
      5      13.722000 127.632171 -90.314480 195.124759 -179.395129 175.620794
      6     -16.447374 -152.100713 107.464292 -232.558791 213.355622 -208.845912
      7       4.053384  37.491129 -26.485626  57.156697 -52.968602  51.699424
      8      -6.703277 -61.981060  43.796802 -94.645551  87.205092 -85.297940
      9      -0.161031   0.001632  -0.048683   0.013987  -0.008733  -0.057685
     10       0.008697  -0.070909  -0.085286   0.012170  -0.023706   0.032092
     11      -0.038331  -0.042720  -0.331705  -0.010878   0.015112  -0.002166
     12      -0.174987  -0.073954   0.044994  -0.007215  -0.044957   0.032668
     13      -0.061456  -0.263675   0.079958   0.012116  -0.009396   0.005012
     14       0.035863   0.077171  -0.183329  -0.009050  -0.007986  -0.002568
     15      -0.200084   0.104234   0.019176  -0.003861   0.043849   0.024171
     16       0.084379  -0.240558  -0.083949   0.010991  -0.004419   0.026433
     17       0.018153  -0.123665  -0.122945  -0.013910   0.046113  -0.003641
                  6          7          8          9         10         11    
      0     -16.447374   4.053384  -6.703277  -0.161031   0.008697  -0.038331
      1     -152.100713  37.491129 -61.981060   0.001632  -0.070909  -0.042720
      2     107.464292 -26.485626  43.796802  -0.048683  -0.085286  -0.331705
      3     -232.558791  57.156697 -94.645551   0.013987   0.012170  -0.010878
      4     213.355622 -52.968602  87.205092  -0.008733  -0.023706   0.015112
      5     -208.845912  51.699424 -85.297940  -0.057685   0.032092  -0.002166
      6     249.008483 -61.211071 101.350109  -0.001911  -0.018210   0.008850
      7     -61.211071  15.459108 -25.200681   0.000190   0.002430  -0.003911
      8     101.350109 -25.200681  41.484227  -0.000511  -0.013989   0.005952
      9      -0.001911   0.000190  -0.000511   0.125445   0.001687   0.044556
     10      -0.018210   0.002430  -0.013989   0.001687   0.092591   0.044227
     11       0.008850  -0.003911   0.005952   0.044556   0.044227   0.345822
     12       0.003031   0.000018  -0.000739   0.008879   0.016149  -0.007704
     13      -0.010111   0.008180  -0.003749   0.011121   0.007298  -0.013649
     14       0.006661  -0.001431   0.008784   0.026388   0.062010  -0.006612
     15      -0.003440   0.000783  -0.000032   0.014631  -0.020492   0.003506
     16      -0.015518   0.007754  -0.005613  -0.005896  -0.007702   0.000942
     17       0.015999  -0.007774   0.002173   0.035934  -0.039055  -0.011292
                 12         13         14         15         16         17    
      0      -0.174987  -0.061456   0.035863  -0.200084   0.084379   0.018153
      1      -0.073954  -0.263675   0.077171   0.104234  -0.240558  -0.123665
      2       0.044994   0.079958  -0.183329   0.019176  -0.083949  -0.122945
      3      -0.007215   0.012116  -0.009050  -0.003861   0.010991  -0.013910
      4      -0.044957  -0.009396  -0.007986   0.043849  -0.004419   0.046113
      5       0.032668   0.005012  -0.002568   0.024171   0.026433  -0.003641
      6       0.003031  -0.010111   0.006661  -0.003440  -0.015518   0.015999
      7       0.000018   0.008180  -0.001431   0.000783   0.007754  -0.007774
      8      -0.000739  -0.003749   0.008784  -0.000032  -0.005613   0.002173
      9       0.008879   0.011121   0.026388   0.014631  -0.005896   0.035934
     10       0.016149   0.007298   0.062010  -0.020492  -0.007702  -0.039055
     11      -0.007704  -0.013649  -0.006612   0.003506   0.000942  -0.011292
     12       0.149499   0.076692  -0.045849   0.020793   0.026054  -0.023369
     13       0.076692   0.278322  -0.109598  -0.028363  -0.020728   0.042026
     14      -0.045849  -0.109598   0.174244  -0.014013  -0.020169   0.009482
     15       0.020793  -0.028363  -0.014013   0.171960  -0.100010  -0.032806
     16       0.026054  -0.020728  -0.020169  -0.100010   0.265654   0.082354
     17      -0.023369   0.042026   0.009482  -0.032806   0.082354   0.126222

$bmatrix
 15 18
                  0          1          2          3          4          5    
      0      -0.979932  -0.036667  -0.195933   0.979932   0.036667   0.195933
      1       0.000000   0.000000   0.000000  -0.387242  -0.784012   0.485148
      2       0.186276   0.126545   0.974314   0.000000   0.000000   0.000000
      3       0.368427   0.788398  -0.492635   0.000000   0.000000   0.000000
      4       0.479931  -0.817849  -0.317472   0.000000   0.000000   0.000000
      5       0.411282  -0.403741   0.388650   0.031711   0.304829  -0.215645
      6       0.548867  -0.051440  -0.454324  -0.074567   0.045612   0.364401
      7       0.372110   0.517057   0.323276   0.044288  -0.336669  -0.158498
      8      -0.449829   0.466775  -0.443505   0.000000   0.000000   0.000000
      9      -0.567186   0.021415   0.541309   0.000000   0.000000   0.000000
     10      -0.370587  -0.610869  -0.323550   0.000000   0.000000   0.000000
     11      -0.031711  -0.304830   0.215644  -0.467886   0.426348  -0.418042
     12      -0.130581  -0.223470   0.694903   0.151880  -0.342494  -0.695511
     13      -0.030267   0.740790   0.012741   0.129119  -0.561273  -0.540731
     14       0.090162  -0.289993  -0.396666   0.106553  -0.342708  -0.468776
                  6          7          8          9         10         11    
      0       0.000000   0.000000   0.000000   0.000000   0.000000   0.000000
      1       0.387242   0.784012  -0.485148   0.000000   0.000000   0.000000
      2       0.000000   0.000000   0.000000  -0.186276  -0.126545  -0.974314
      3       0.000000   0.000000   0.000000   0.000000   0.000000   0.000000
      4       0.000000   0.000000   0.000000   0.000000   0.000000   0.000000
      5       0.000000   0.000000   0.000000   0.000000   0.000000   0.000000
      6       0.000000   0.000000   0.000000  -0.474300   0.005828   0.089923
      7       0.000000   0.000000   0.000000   0.000000   0.000000   0.000000
      8       0.000000   0.000000   0.000000   0.275599  -0.396389  -0.001207
      9       0.000000   0.000000   0.000000   0.000000   0.000000   0.000000
     10       0.000000   0.000000   0.000000   0.216678   0.420600  -0.096054
     11       0.499597  -0.121519   0.202398   0.000000   0.000000   0.000000
     12      -0.105010   0.337744   0.461985   0.000000   0.000000   0.000000
     13      -0.105010   0.337744   0.461985   0.006158  -0.517262   0.066005
     14      -0.105010   0.337744   0.461985   0.000000   0.000000   0.000000
                 12         13         14         15         16         17    
      0       0.000000   0.000000   0.000000   0.000000   0.000000   0.000000
      1       0.000000   0.000000   0.000000   0.000000   0.000000   0.000000
      2       0.000000   0.000000   0.000000   0.000000   0.000000   0.000000
      3      -0.368427  -0.788398   0.492635   0.000000   0.000000   0.000000
      4       0.000000   0.000000   0.000000  -0.479931   0.817849   0.317472
      5      -0.442994   0.098912  -0.173005   0.000000   0.000000   0.000000
      6       0.000000   0.000000   0.000000   0.000000   0.000000   0.000000
      7       0.000000   0.000000   0.000000  -0.416399  -0.180388  -0.164779
      8       0.000000   0.000000   0.000000   0.174230  -0.070386   0.444713
      9       0.304023  -0.292512  -0.240757   0.263163   0.271097  -0.300552
     10       0.153909   0.190269   0.419604   0.000000   0.000000   0.000000
     11       0.000000   0.000000   0.000000   0.000000   0.000000   0.000000
     12       0.000000   0.000000   0.000000   0.083711   0.228220  -0.461377
     13       0.000000   0.000000   0.000000   0.000000   0.000000   0.000000
     14      -0.091706   0.294957   0.403456   0.000000   0.000000   0.000000

