
$orca_opt_file

$trust
    0.300000000000

$epredict
    0.000000000000

$ediffsc
  1000.000000000000

$ctyp
  3

$coordinates
 3 18
   5.69134111  -2.22399790   1.12562860   8.30472842  -2.13170557   1.65220268
   9.01244786  -0.71482859   0.77716688   5.30339167  -2.49248263  -0.88694296
   4.93526924  -3.85554209   2.14653614   4.69551024  -0.53761008   1.78703653

   5.69129565  -2.22812254   1.12862799   8.30571691  -2.13196778   1.65259889
   9.01067347  -0.71407622   0.77623910   5.30431687  -2.49305382  -0.88830087
   4.93480339  -3.85259955   2.14428786   4.69588227  -0.53634694   1.78817487

   5.69135889  -2.22997810   1.12999644   8.30615108  -2.13170353   1.65249016
   9.00945697  -0.71350604   0.77556261   5.30522555  -2.49184189  -0.88808154
   4.93343797  -3.85317693   2.14440479   4.69705809  -0.53596037   1.78725539


$constraints
 1
   1.89106250


# redundant internal coordinates
#  nbonds nangles ndihedrals nimpropers ncartesians
# bond  definitions A B
# angle definitions A B C
# dihedral definitions A B C D
# improper torsion definitions A B C D
# cartesian definitions A x/y/z
$redundant_internals
 5 7 3 0 0
   1   0   0
   2   1   0
   3   0   0
   4   0   0
   5   0   0
   1   0   4   0   0
   1   0   3   0   0
   1   0   5   0   0
   3   0   5   0   0
   4   0   5   0   0
   3   0   4   0   0
   0   1   2   0  -1
   2   1   0   5   0
   2   1   0   3   0
   2   1   0   4   0
$energies
 3
 -115.7380210837084746
 -115.7380451412787039
 -115.7380471650170364

$gradients
 3 18
   0.0006159903059616   0.0048629145543752  -0.0034144890239742   0.0003264271828112
  -0.0009922243280222   0.0007974781500490  -0.0007514584637245   0.0000210863360909
  -0.0001871565433979   0.0000746992094727  -0.0002630943897907   0.0013349272791134
  -0.0006652046493140  -0.0023255752587672   0.0015436911166615   0.0003995464167092
  -0.0013031069137983  -0.0000744509778001
   0.0001414920287847   0.0013316481750332  -0.0009417630453352   0.0004849829409246
  -0.0008179540631263   0.0007055151781486  -0.0005998690165876   0.0002029821895918
  -0.0002851671036954  -0.0000263969020683  -0.0002751611849219   0.0001627591045272
   0.0000332664346167  -0.0001940000294694   0.0001447373334858  -0.0000334754837473
  -0.0002475150863320   0.0002139185332251
   0.0000301744433368   0.0004534382554599  -0.0003250057325244   0.0005602053829952
  -0.0005654160982447   0.0005374816646339  -0.0005917642659011   0.0001621508887395
  -0.0002531649045331   0.0000007264902867  -0.0001169868911363  -0.0000294619861652
   0.0000307746786425   0.0000800041220077  -0.0000559246217120  -0.0000301167287274
  -0.0000131902774367   0.0001260755801185

$redundant_coords
 3 15
   2.6675065804232436   1.8094459949248280   2.0671316123911976   2.0678088190344059
   2.0671341164571815   1.8629958938312463   1.9611918790267799   1.9612230702641744
   1.9039941136194056   1.8855426209934960   1.8855496347740375   1.8910624964148655
  -1.0777006121351942   1.0776415484214348   3.1415586215892075
   2.6681435043432407   1.8098029534921662   2.0707349405303903   2.0597987979952270
   2.0707376830232254   1.8665485529578951   1.9595176672452945   1.9595488656441571
   1.9017282018414430   1.8867560853217595   1.8867663157964090   1.8910624999992631
  -1.0749025564754724   1.0748939535402922   3.1415857365882518
   2.6682945415299395   1.8096754438650620   2.0713064380684547   2.0586993160223783
   2.0713086352778314   1.8685003065200130   1.9585632396349941   1.9585962917104431
   1.8997672393959815   1.8878385834307507   1.8878493890000454   1.8910624999999557
  -1.0728736688507774   1.0729006193681618  -3.1415820170513746

$redundant_gradients
 3 15
  -0.0003292775648060  -0.0001873178238023  -0.0012793477352904   0.0028401859272047
  -0.0012794261604943  -0.0009796325184539   0.0004486924212969   0.0004485796329352
   0.0002745717226287  -0.0001324336733777  -0.0001331090883413   0.0000000000000000
  -0.0005258950091999   0.0005250384107268  -0.0000007893574614
  -0.0000518989846263   0.0000629626865192  -0.0001181841096079   0.0002120248316501
  -0.0001180193775486  -0.0003783754088504   0.0001797668591952   0.0001792696104712
   0.0002341721951318  -0.0001259075201469  -0.0001260547688463   0.0000000000000000
  -0.0002907112838011   0.0002900916531037  -0.0000002506519764
   0.0000102210343411   0.0000192161708790   0.0000435795142513  -0.0001021080149741
   0.0000436604234866  -0.0000425830100829   0.0000175175306309   0.0000171911175232
   0.0001150183222157  -0.0000587507162267  -0.0000586482957913   0.0000000000000000
  -0.0000889158645782   0.0000885126676927  -0.0000000442699256

$hessian_approx
 18 18
                  0          1          2          3          4          5    
      0       2.102887   9.935323  -6.972209  14.718164 -13.990103  13.601040
      1       9.935323  93.628769 -65.596019 142.095430 -130.655972 127.737933
      2      -6.972209 -65.596019  47.193243 -100.516278  92.258208 -90.418972
      3      14.718164 142.095430 -100.516278 217.821644 -199.470001 195.325421
      4     -13.990103 -130.655972  92.258208 -199.470001 183.861341 -179.687990
      5      13.601040 127.737933 -90.418972 195.325421 -179.687990 175.880300
      6     -16.284554 -152.059079 107.470735 -232.541861 213.468515 -208.924406
      7       4.027249  37.610902 -26.579084  57.350703 -53.178885  51.897178
      8      -6.647150 -62.059011  43.866528 -94.783485  87.384383 -85.460348
      9      -0.160791   0.000659  -0.047980   0.013498  -0.008094  -0.058171
     10       0.007298  -0.074053  -0.082791   0.007904  -0.019472   0.027977
     11      -0.037453  -0.040696  -0.332194  -0.008212   0.012587   0.000252
     12      -0.175883  -0.075323   0.045862  -0.007015  -0.044864   0.032651
     13      -0.062770  -0.266527   0.081512   0.008920  -0.006428   0.002138
     14       0.036694   0.078759  -0.184605  -0.006663  -0.010158  -0.000478
     15      -0.199824   0.102988   0.019870  -0.004429   0.044549   0.023464
     16       0.083003  -0.243120  -0.081826   0.007044  -0.000584   0.022761
     17       0.019079  -0.120967  -0.124001  -0.010785   0.042971  -0.000755
                  6          7          8          9         10         11    
      0     -16.284554   4.027249  -6.647150  -0.160791   0.007298  -0.037453
      1     -152.059079  37.610902 -62.059011   0.000659  -0.074053  -0.040696
      2     107.470735 -26.579084  43.866528  -0.047980  -0.082791  -0.332194
      3     -232.541861  57.350703 -94.783485   0.013498   0.007904  -0.008212
      4     213.468515 -53.178885  87.384383  -0.008094  -0.019472   0.012587
      5     -208.924406  51.897178 -85.460348  -0.058171   0.027977   0.000252
      6     248.827622 -61.378614 101.431426  -0.001387  -0.013287   0.005846
      7     -61.378614  15.552909 -25.307309   0.000051   0.001186  -0.003154
      8     101.431426 -25.307309  41.580666  -0.000282  -0.011984   0.004726
      9      -0.001387   0.000051  -0.000282   0.125213   0.001901   0.044324
     10      -0.013287   0.001186  -0.011984   0.001901   0.092627   0.043812
     11       0.005846  -0.003154   0.004726   0.044324   0.043812   0.345174
     12       0.002958   0.000006  -0.000750   0.008921   0.016464  -0.007892
     13      -0.006500   0.007274  -0.002285   0.011249   0.007274  -0.013517
     14       0.003999  -0.000761   0.007721   0.026366   0.062132  -0.006686
     15      -0.002778   0.000604   0.000243   0.014547  -0.020280   0.003387
     16      -0.011034   0.006612  -0.003795  -0.005765  -0.007561   0.000969
     17       0.012399  -0.006872   0.000706   0.035744  -0.039148  -0.011270
                 12         13         14         15         16         17    
      0      -0.175883  -0.062770   0.036694  -0.199824   0.083003   0.019079
      1      -0.075323  -0.266527   0.078759   0.102988  -0.243120  -0.120967
      2       0.045862   0.081512  -0.184605   0.019870  -0.081826  -0.124001
      3      -0.007015   0.008920  -0.006663  -0.004429   0.007044  -0.010785
      4      -0.044864  -0.006428  -0.010158   0.044549  -0.000584   0.042971
      5       0.032651   0.002138  -0.000478   0.023464   0.022761  -0.000755
      6       0.002958  -0.006500   0.003999  -0.002778  -0.011034   0.012399
      7       0.000006   0.007274  -0.000761   0.000604   0.006612  -0.006872
      8      -0.000750  -0.002285   0.007721   0.000243  -0.003795   0.000706
      9       0.008921   0.011249   0.026366   0.014547  -0.005765   0.035744
     10       0.016464   0.007274   0.062132  -0.020280  -0.007561  -0.039148
     11      -0.007892  -0.013517  -0.006686   0.003387   0.000969  -0.011270
     12       0.150149   0.077387  -0.046261   0.020869   0.026331  -0.023609
     13       0.077387   0.279215  -0.109942  -0.028286  -0.020808   0.042094
     14      -0.046261  -0.109942   0.174629  -0.014134  -0.020032   0.009420
     15       0.020869  -0.028286  -0.014134   0.171615  -0.099577  -0.032830
     16       0.026331  -0.020808  -0.020032  -0.099577   0.265461   0.081922
     17      -0.023609   0.042094   0.009420  -0.032830   0.081922   0.125899

$bmatrix
 15 18
                  0          1          2          3          4          5    
      0      -0.979949  -0.036830  -0.195816   0.979949   0.036830   0.195816
      1       0.000000   0.000000   0.000000  -0.388636  -0.783675   0.484577
      2       0.186420   0.126424   0.974302   0.000000   0.000000   0.000000
      3       0.368155   0.788458  -0.492742   0.000000   0.000000   0.000000
      4       0.480035  -0.817849  -0.317316   0.000000   0.000000   0.000000
      5       0.411397  -0.403649   0.388608   0.031640   0.304852  -0.215679
      6       0.548825  -0.051265  -0.454456  -0.074537   0.045542   0.364450
      7       0.372072   0.517227   0.323136   0.044315  -0.336730  -0.158437
      8      -0.449827   0.466680  -0.443436   0.000000   0.000000   0.000000
      9      -0.567184   0.021370   0.541383   0.000000   0.000000   0.000000
     10      -0.370576  -0.610951  -0.323525   0.000000   0.000000   0.000000
     11      -0.031639  -0.304855   0.215676  -0.467645   0.427048  -0.418493
     12      -0.130620  -0.222937   0.695612   0.152059  -0.343139  -0.696431
     13      -0.030544   0.741277   0.013429   0.129348  -0.561940  -0.541623
     14       0.090019  -0.289534  -0.396035   0.106755  -0.343356  -0.469670
                  6          7          8          9         10         11    
      0       0.000000   0.000000   0.000000   0.000000   0.000000   0.000000
      1       0.388636   0.783675  -0.484577   0.000000   0.000000   0.000000
      2       0.000000   0.000000   0.000000  -0.186420  -0.126424  -0.974302
      3       0.000000   0.000000   0.000000   0.000000   0.000000   0.000000
      4       0.000000   0.000000   0.000000   0.000000   0.000000   0.000000
      5       0.000000   0.000000   0.000000   0.000000   0.000000   0.000000
      6       0.000000   0.000000   0.000000  -0.474288   0.005723   0.090006
      7       0.000000   0.000000   0.000000   0.000000   0.000000   0.000000
      8       0.000000   0.000000   0.000000   0.275611  -0.396384  -0.001300
      9       0.000000   0.000000   0.000000   0.000000   0.000000   0.000000
     10       0.000000   0.000000   0.000000   0.216596   0.420653  -0.096026
     11       0.499284  -0.122193   0.202817   0.000000   0.000000   0.000000
     12      -0.105073   0.337948   0.462271   0.000000   0.000000   0.000000
     13      -0.105073   0.337948   0.462271   0.006269  -0.517285   0.065923
     14      -0.105073   0.337948   0.462271   0.000000   0.000000   0.000000
                 12         13         14         15         16         17    
      0       0.000000   0.000000   0.000000   0.000000   0.000000   0.000000
      1       0.000000   0.000000   0.000000   0.000000   0.000000   0.000000
      2       0.000000   0.000000   0.000000   0.000000   0.000000   0.000000
      3      -0.368155  -0.788458   0.492742   0.000000   0.000000   0.000000
      4       0.000000   0.000000   0.000000  -0.480035   0.817849   0.317316
      5      -0.443037   0.098796  -0.172929   0.000000   0.000000   0.000000
      6       0.000000   0.000000   0.000000   0.000000   0.000000   0.000000
      7       0.000000   0.000000   0.000000  -0.416387  -0.180497  -0.164699
      8       0.000000   0.000000   0.000000   0.174216  -0.070296   0.444736
      9       0.304080  -0.292440  -0.240751   0.263104   0.271070  -0.300632
     10       0.153980   0.190298   0.419552   0.000000   0.000000   0.000000
     11       0.000000   0.000000   0.000000   0.000000   0.000000   0.000000
     12       0.000000   0.000000   0.000000   0.083635   0.228127  -0.461452
     13       0.000000   0.000000   0.000000   0.000000   0.000000   0.000000
     14      -0.091700   0.294942   0.403434   0.000000   0.000000   0.000000

