
$orca_opt_file

$trust
    0.300000000000

$epredict
    0.000000000000

$ediffsc
  1000.000000000000

$ctyp
  3

$coordinates
 1 18
   5.69054742  -2.23157192   1.13098597   8.30472842  -2.13170557   1.65220268
   9.01814350  -0.71624778   0.77949880   5.30339167  -2.49248263  -0.88694296
   4.93526924  -3.85554209   2.14653614   4.69551024  -0.53761008   1.78703653


$constraints
 1
   1.89804366


# redundant internal coordinates
#  nbonds nangles ndihedrals nimpropers ncartesians
# bond  definitions A B
# angle definitions A B C
# dihedral definitions A B C D
# improper torsion definitions A B C D
# cartesian definitions A x/y/z
$redundant_internals
 5 7 3 0 0
   1   0   0
   2   1   0
   3   0   0
   4   0   0
   5   0   0
   1   0   4   0   0
   1   0   3   0   0
   1   0   5   0   0
   3   0   5   0   0
   4   0   5   0   0
   3   0   4   0   0
   0   1   2   0  -1
   2   1   0   5   0
   2   1   0   3   0
   2   1   0   4   0
$energies
 1
 -115.7380513529664086

$gradients
 1 18
  -0.0000955943450320   0.0000321692478290  -0.0000449330151925   0.0000329736956320
  -0.0000331863568707   0.0000301421473385   0.0000004037202993   0.0000104627196162
  -0.0000091831289736   0.0000094366517651   0.0000046902978699   0.0000001676215897
   0.0000405471218490  -0.0000149601027610   0.0000151270597663   0.0000122331577018
   0.0000008241939724   0.0000086793161559

$redundant_coords
 1 15
   2.6675049028249234   1.8094457365995493   2.0712317971756806   2.0588993110536737
   2.0712334634239493   1.8677975232596420   1.9587191307408331   1.9587507342851422
   1.8984456097612195   1.8887477264321324   1.8887542071778063   1.8980436628938084
  -1.0721637276247029   1.0721048645581432   3.1415581582578662

$redundant_gradients
 1 15
   0.0000362882473236   0.0000122056092420  -0.0000022748704951   0.0000042410160511
  -0.0000024856251650  -0.0000643803197853  -0.0000021417370285  -0.0000023984368566
   0.0000167453034221   0.0000269488434954   0.0000265311365763   0.0000000000000000
  -0.0000100053461136   0.0000086133502516  -0.0000008766478777

$hessian_approx
 18 18
                  0          1          2          3          4          5    
      0       2.021860   9.561956  -6.716379  14.141179 -13.497038  13.109221
      1       9.561956  93.779258 -65.795349 142.270324 -131.173679 128.157123
      2      -6.716379 -65.795349  47.391584 -100.775546  92.749549 -90.836437
      3      14.141179 142.270324 -100.775546 218.313523 -200.390949 196.110648
      4     -13.497038 -131.173679  92.749549 -200.390949 185.157012 -180.844879
      5      13.109221 128.157123 -90.836437 196.110648 -180.844879 176.904534
      6     -15.626267 -151.852542 107.469406 -232.455744 213.893730 -209.215741
      7       3.918737  38.087648 -26.952248  58.122452 -54.016623  52.684971
      8      -6.418223 -62.360712  44.139286 -95.328112  88.093435 -86.102789
      9      -0.159524  -0.001241  -0.046563   0.011982  -0.007358  -0.058685
     10      -0.000659  -0.141823  -0.032951  -0.001562   0.006268   0.006631
     11      -0.036879  -0.026961  -0.338993  -0.002097   0.000601   0.010402
     12      -0.177424  -0.068477   0.040796  -0.004941  -0.045322   0.033468
     13      -0.062483  -0.275255   0.087123   0.001721   0.008032  -0.010169
     14       0.036413   0.085760  -0.191073  -0.000924  -0.020862   0.008629
     15      -0.199825   0.089980   0.028287  -0.005998   0.046937   0.021089
     16       0.079487  -0.276148  -0.056124  -0.001986   0.018990   0.006323
     17       0.025847  -0.059860  -0.164367  -0.003969   0.022156   0.015661
                  6          7          8          9         10         11    
      0     -15.626267   3.918737  -6.418223  -0.159524  -0.000659  -0.036879
      1     -151.852542  38.087648 -62.360712  -0.001241  -0.141823  -0.026961
      2     107.469406 -26.952248  44.139286  -0.046563  -0.032951  -0.338993
      3     -232.455744  58.122452 -95.328112   0.011982  -0.001562  -0.002097
      4     213.893730 -54.016623  88.093435  -0.007358   0.006268   0.000601
      5     -209.215741  52.684971 -86.102789  -0.058685   0.006631   0.010402
      6     248.082007 -62.041177 101.746351  -0.000015   0.001154  -0.000146
      7     -62.041177  15.928937 -25.732775   0.000048  -0.003712   0.000471
      8     101.746351 -25.732775  41.963433   0.000066  -0.005077   0.000644
      9      -0.000015   0.000048   0.000066   0.124028   0.002184   0.043492
     10       0.001154  -0.003712  -0.005077   0.002184   0.108010   0.031152
     11      -0.000146   0.000471   0.000644   0.043492   0.031152   0.339815
     12       0.000204  -0.000658  -0.000900   0.009664   0.018819  -0.004287
     13      -0.000658   0.002115   0.002893   0.011938   0.023246  -0.005296
     14      -0.000900   0.002894   0.003958   0.026277   0.051169  -0.011657
     15      -0.000186   0.000598   0.000818   0.013865  -0.019937  -0.000082
     16      -0.000508   0.001634   0.002235  -0.005571   0.008011   0.000033
     17       0.001030  -0.003313  -0.004531   0.035414  -0.050925  -0.000210
                 12         13         14         15         16         17    
      0      -0.177424  -0.062483   0.036413  -0.199825   0.079487   0.025847
      1      -0.068477  -0.275255   0.085760   0.089980  -0.276148  -0.059860
      2       0.040796   0.087123  -0.191073   0.028287  -0.056124  -0.164367
      3      -0.004941   0.001721  -0.000924  -0.005998  -0.001986  -0.003969
      4      -0.045322   0.008032  -0.020862   0.046937   0.018990   0.022156
      5       0.033468  -0.010169   0.008629   0.021089   0.006323   0.015661
      6       0.000204  -0.000658  -0.000900  -0.000186  -0.000508   0.001030
      7      -0.000658   0.002115   0.002894   0.000598   0.001634  -0.003313
      8      -0.000900   0.002893   0.003958   0.000818   0.002235  -0.004531
      9       0.009664   0.011938   0.026277   0.013865  -0.005571   0.035414
     10       0.018819   0.023246   0.051169  -0.019937   0.008011  -0.050925
     11      -0.004287  -0.005296  -0.011657  -0.000082   0.000033  -0.000210
     12       0.149315   0.071736  -0.042521   0.023182   0.023902  -0.026556
     13       0.071736   0.264806  -0.100045  -0.022254  -0.022945   0.025493
     14      -0.042521  -0.100045   0.169127  -0.018346  -0.018916   0.021016
     15       0.023182  -0.022254  -0.018346   0.168962  -0.095324  -0.031766
     16       0.023902  -0.022945  -0.018916  -0.095324   0.270458   0.066448
     17      -0.026556   0.025493   0.021016  -0.031766   0.066448   0.132431

$bmatrix
 15 18
                  0          1          2          3          4          5    
      0      -0.980010  -0.037438  -0.195395   0.980010   0.037438   0.195395
      1       0.000000   0.000000   0.000000  -0.394273  -0.782260   0.482305
      2       0.186921   0.125969   0.974265   0.000000   0.000000   0.000000
      3       0.366836   0.788756  -0.493249   0.000000   0.000000   0.000000
      4       0.480408  -0.817852  -0.316744   0.000000   0.000000   0.000000
      5       0.411875  -0.403166   0.388364   0.031376   0.304934  -0.215795
      6       0.548682  -0.050605  -0.454920  -0.074428   0.045279   0.364619
      7       0.371935   0.517841   0.322615   0.044416  -0.336948  -0.158209
      8      -0.449804   0.466355  -0.443194   0.000000   0.000000   0.000000
      9      -0.567076   0.021151   0.541845   0.000000   0.000000   0.000000
     10      -0.370376  -0.611425  -0.323423   0.000000   0.000000   0.000000
     11      -0.031379  -0.304926   0.215805  -0.466617   0.429829  -0.420324
     12      -0.130811  -0.220823   0.698395   0.152788  -0.345765  -0.700066
     13      -0.031613   0.743202   0.016157   0.130266  -0.564632  -0.545169
     14       0.089416  -0.287575  -0.393371   0.107595  -0.346073  -0.473339
                  6          7          8          9         10         11    
      0       0.000000   0.000000   0.000000   0.000000   0.000000   0.000000
      1       0.394273   0.782260  -0.482305   0.000000   0.000000   0.000000
      2       0.000000   0.000000   0.000000  -0.186921  -0.125969  -0.974265
      3       0.000000   0.000000   0.000000   0.000000   0.000000   0.000000
      4       0.000000   0.000000   0.000000   0.000000   0.000000   0.000000
      5       0.000000   0.000000   0.000000   0.000000   0.000000   0.000000
      6       0.000000   0.000000   0.000000  -0.474255   0.005326   0.090301
      7       0.000000   0.000000   0.000000   0.000000   0.000000   0.000000
      8       0.000000   0.000000   0.000000   0.275650  -0.396377  -0.001636
      9       0.000000   0.000000   0.000000   0.000000   0.000000   0.000000
     10       0.000000   0.000000   0.000000   0.216158   0.420927  -0.095896
     11       0.497996  -0.124902   0.204518   0.000000   0.000000   0.000000
     12      -0.105336   0.338802   0.463400   0.000000   0.000000   0.000000
     13      -0.105336   0.338802   0.463400   0.006683  -0.517371   0.065612
     14      -0.105336   0.338802   0.463400   0.000000   0.000000   0.000000
                 12         13         14         15         16         17    
      0       0.000000   0.000000   0.000000   0.000000   0.000000   0.000000
      1       0.000000   0.000000   0.000000   0.000000   0.000000   0.000000
      2       0.000000   0.000000   0.000000   0.000000   0.000000   0.000000
      3      -0.366836  -0.788756   0.493249   0.000000   0.000000   0.000000
      4       0.000000   0.000000   0.000000  -0.480408   0.817852   0.316744
      5      -0.443251   0.098232  -0.172569   0.000000   0.000000   0.000000
      6       0.000000   0.000000   0.000000   0.000000   0.000000   0.000000
      7       0.000000   0.000000   0.000000  -0.416351  -0.180893  -0.164406
      8       0.000000   0.000000   0.000000   0.174154  -0.069978   0.444829
      9       0.304284  -0.292105  -0.240806   0.262792   0.270953  -0.301039
     10       0.154218   0.190498   0.419319   0.000000   0.000000   0.000000
     11       0.000000   0.000000   0.000000   0.000000   0.000000   0.000000
     12       0.000000   0.000000   0.000000   0.083358   0.227787  -0.461729
     13       0.000000   0.000000   0.000000   0.000000   0.000000   0.000000
     14      -0.091676   0.294846   0.403310   0.000000   0.000000   0.000000

