
$orca_opt_file

$trust
    0.300000000000

$epredict
    0.000000000000

$ediffsc
  1000.000000000000

$ctyp
  3

$coordinates
 1 18
   5.69054742  -2.23157192   1.13098597   8.30472842  -2.13170557   1.65220268
   9.01814350  -0.71624778   0.77949880   5.30339167  -2.49248263  -0.88694296
   4.93077169  -3.85120895   2.15009449   4.69158150  -0.54167866   1.79153974


$constraints
 1
   1.88176610


# redundant internal coordinates
#  nbonds nangles ndihedrals nimpropers ncartesians
# bond  definitions A B
# angle definitions A B C
# dihedral definitions A B C D
# improper torsion definitions A B C D
# cartesian definitions A x/y/z
$redundant_internals
 5 7 3 0 0
   1   0   0
   2   1   0
   3   0   0
   4   0   0
   5   0   0
   1   0   4   0   0
   1   0   3   0   0
   1   0   5   0   0
   3   0   5   0   0
   4   0   5   0  -1
   3   0   4   0   0
   0   1   2   0   0
   2   1   0   5   0
   2   1   0   3   0
   2   1   0   4   0
$energies
 1
 -115.7380473856324699

$gradients
 1 18
   0.0002647808813537   0.0000216184806892  -0.0004239297951148   0.0002268316863668
  -0.0000106493589021  -0.0000363062784181   0.0000273719834192   0.0000030568264799
  -0.0000066404006462   0.0000816840137714  -0.0000037524078089  -0.0001012707867469
  -0.0003196896063793   0.0003839767283604   0.0002468754732250  -0.0002809789562497
  -0.0003942502691429   0.0003212717883703

$redundant_coords
 1 15
   2.6675049028249234   1.8094457365995493   2.0712317971756806   2.0588990812784798
   2.0712323505726800   1.8696012916712799   1.9587191307408331   1.9603801442763120
   1.9000476456743736   1.8817660961826319   1.8903765726893103   1.8980436628938084
  -1.0754994887979601   1.0721048645581432  -3.1385003659505131

$redundant_gradients
 1 15
   0.0002407610482676   0.0000158542998220   0.0000841024340122  -0.0000620204475524
  -0.0000837281137720   0.0000119022704125  -0.0001656723325859   0.0000723670465836
   0.0000404188335301  -0.0000000000000000   0.0000460384488952   0.0000399894329340
   0.0000171763984838  -0.0000001225949268  -0.0000315600442685

$hessian_approx
 18 18
                  0          1          2          3          4          5    
      0     508.171349 -18.931763 -484.583098  -0.498670  -0.015032  -0.058561
      1     -18.931763   1.536464  18.075650   0.037728  -0.154450   0.034789
      2     -484.583098  18.075650 463.974884  -0.109998   0.024078  -0.177551
      3      -0.498670   0.037728  -0.109998   0.660279   0.102312   0.050902
      4      -0.015032  -0.154450   0.024078   0.102312   0.470553  -0.242693
      5      -0.058561   0.034789  -0.177551   0.050902  -0.242693   0.296347
      6      -0.005453  -0.055080   0.037901  -0.165941  -0.082119   0.028397
      7       0.000885   0.015337  -0.007379  -0.138091  -0.349388   0.204505
      8      -0.003021  -0.020151   0.019015   0.069321   0.217244  -0.169814
      9      -0.158881  -0.001381  -0.047952   0.011982  -0.007358  -0.058685
     10      -0.001665  -0.141432  -0.032094  -0.001562   0.006268   0.006631
     11      -0.036872  -0.026985  -0.338837  -0.002097   0.000601   0.010402
     12     -272.426668  10.092940 260.212789  -0.003177  -0.044875   0.024530
     13     263.039430 -10.094747 -251.343736   0.000003   0.007753  -0.001502
     14     215.207017  -7.945375 -205.817026  -0.002363  -0.021133   0.015901
     15     -235.081677   8.857556 224.490358  -0.004473   0.047071   0.013417
     16     -244.091856   8.838827 233.283482  -0.000391   0.019264  -0.001730
     17     269.474535 -10.117928 -257.660484  -0.005764   0.021903   0.024715
                  6          7          8          9         10         11    
      0      -0.005453   0.000885  -0.003021  -0.158881  -0.001665  -0.036872
      1      -0.055080   0.015337  -0.020151  -0.001381  -0.141432  -0.026985
      2       0.037901  -0.007379   0.019015  -0.047952  -0.032094  -0.338837
      3      -0.165941  -0.138091   0.069321   0.011982  -0.001562  -0.002097
      4      -0.082119  -0.349388   0.217244  -0.007358   0.006268   0.000601
      5       0.028397   0.204505  -0.169814  -0.058685   0.006631   0.010402
      6       0.171390   0.137218  -0.066283  -0.000015   0.001154  -0.000146
      7       0.137218   0.333991  -0.197176   0.000048  -0.003712   0.000471
      8      -0.066283  -0.197176   0.150732   0.000066  -0.005077   0.000644
      9      -0.000015   0.000048   0.000066   0.124402   0.002231   0.043414
     10       0.001154  -0.003712  -0.005077   0.002231   0.107626   0.031193
     11      -0.000146   0.000471   0.000644   0.043414   0.031193   0.339824
     12       0.000204  -0.000657  -0.000899   0.009100   0.019384  -0.004252
     13      -0.000661   0.002126   0.002908   0.012686   0.022759  -0.005377
     14      -0.000898   0.002889   0.003951   0.026946   0.050622  -0.011715
     15      -0.000186   0.000597   0.000817   0.013412  -0.019542  -0.000046
     16      -0.000512   0.001647   0.002252  -0.006226   0.008490   0.000097
     17       0.001029  -0.003310  -0.004527   0.036212  -0.051275  -0.000318
                 12         13         14         15         16         17    
      0     -272.426668 263.039430 215.207017 -235.081677 -244.091856 269.474535
      1      10.092940 -10.094747  -7.945375   8.857556   8.838827 -10.117928
      2     260.212789 -251.343736 -205.817026 224.490358 233.283482 -257.660484
      3      -0.003177   0.000003  -0.002363  -0.004473  -0.000391  -0.005764
      4      -0.044875   0.007753  -0.021133   0.047071   0.019264   0.021903
      5       0.024530  -0.001502   0.015901   0.013417  -0.001730   0.024715
      6       0.000204  -0.000661  -0.000898  -0.000186  -0.000512   0.001029
      7      -0.000657   0.002126   0.002889   0.000597   0.001647  -0.003310
      8      -0.000899   0.002908   0.003951   0.000817   0.002252  -0.004527
      9       0.009100   0.012686   0.026946   0.013412  -0.006226   0.036212
     10       0.019384   0.022759   0.050622  -0.019542   0.008490  -0.051275
     11      -0.004252  -0.005377  -0.011715  -0.000046   0.000097  -0.000318
     12     146.303776 -141.171773 -115.554963 126.116764 131.104981 -144.677205
     13     -141.171773 136.762423 111.531147 -121.879686 -126.700315 139.816560
     14     -115.554963 111.531147  91.464002 -99.675739 -103.618150 114.344887
     15     126.116764 -121.879686 -99.675739 108.956159 112.994004 -124.828806
     16     131.104981 -126.700315 -103.618150 112.994004 117.832087 -129.665952
     17     -144.677205 139.816560 114.344887 -124.828806 -129.665952 143.295727

$bmatrix
 15 18
                  0          1          2          3          4          5    
      0      -0.980010  -0.037438  -0.195395   0.980010   0.037438   0.195395
      1       0.000000   0.000000   0.000000  -0.394273  -0.782260   0.482305
      2       0.186921   0.125969   0.974265   0.000000   0.000000   0.000000
      3       0.369020   0.786652  -0.494977   0.000000   0.000000   0.000000
      4       0.482305  -0.815888  -0.318918   0.000000   0.000000   0.000000
      5       0.411261  -0.402915   0.390080   0.031588   0.304252  -0.216725
      6       0.548682  -0.050605  -0.454920  -0.074428   0.045279   0.364619
      7       0.371260   0.517668   0.324512   0.044615  -0.336400  -0.159315
      8      -0.451847   0.465819  -0.442477   0.000000   0.000000   0.000000
      9      -0.565641   0.021110   0.540472   0.000000   0.000000   0.000000
     10      -0.372472  -0.611064  -0.322814   0.000000   0.000000   0.000000
     11      -0.031379  -0.304926   0.215805  -0.466617   0.429829  -0.420324
     12      -0.130713  -0.223311   0.698380   0.152841  -0.344992  -0.700480
     13      -0.031613   0.743202   0.016157   0.130266  -0.564632  -0.545169
     14       0.089437  -0.289752  -0.393057   0.107492  -0.345350  -0.472960
                  6          7          8          9         10         11    
      0       0.000000   0.000000   0.000000   0.000000   0.000000   0.000000
      1       0.394273   0.782260  -0.482305   0.000000   0.000000   0.000000
      2       0.000000   0.000000   0.000000  -0.186921  -0.125969  -0.974265
      3       0.000000   0.000000   0.000000   0.000000   0.000000   0.000000
      4       0.000000   0.000000   0.000000   0.000000   0.000000   0.000000
      5       0.000000   0.000000   0.000000   0.000000   0.000000   0.000000
      6       0.000000   0.000000   0.000000  -0.474255   0.005326   0.090301
      7       0.000000   0.000000   0.000000   0.000000   0.000000   0.000000
      8       0.000000   0.000000   0.000000   0.276913  -0.395494  -0.001992
      9       0.000000   0.000000   0.000000   0.000000   0.000000   0.000000
     10       0.000000   0.000000   0.000000   0.217531   0.420181  -0.096063
     11       0.497996  -0.124902   0.204518   0.000000   0.000000   0.000000
     12      -0.105336   0.338802   0.463400   0.000000   0.000000   0.000000
     13      -0.105336   0.338802   0.463400   0.006683  -0.517371   0.065612
     14      -0.105336   0.338802   0.463400   0.000000   0.000000   0.000000
                 12         13         14         15         16         17    
      0       0.000000   0.000000   0.000000   0.000000   0.000000   0.000000
      1       0.000000   0.000000   0.000000   0.000000   0.000000   0.000000
      2       0.000000   0.000000   0.000000   0.000000   0.000000   0.000000
      3      -0.369020  -0.786652   0.494977   0.000000   0.000000   0.000000
      4       0.000000   0.000000   0.000000  -0.482305   0.815888   0.318918
      5      -0.442848   0.098663  -0.173355   0.000000   0.000000   0.000000
      6       0.000000   0.000000   0.000000   0.000000   0.000000   0.000000
      7       0.000000   0.000000   0.000000  -0.415875  -0.181268  -0.165196
      8       0.000000   0.000000   0.000000   0.174934  -0.070325   0.444469
      9       0.303660  -0.293440  -0.239968   0.261981   0.272330  -0.300504
     10       0.154941   0.190883   0.418877   0.000000   0.000000   0.000000
     11       0.000000   0.000000   0.000000   0.000000   0.000000   0.000000
     12       0.000000   0.000000   0.000000   0.083207   0.229502  -0.461300
     13       0.000000   0.000000   0.000000   0.000000   0.000000   0.000000
     14      -0.091593   0.296301   0.402616   0.000000   0.000000   0.000000

