
$orca_opt_file

$trust
    0.300000000000

$epredict
    0.000000000000

$ediffsc
  1000.000000000000

$ctyp
  3

$coordinates
 1 18
   5.69091781  -2.23155869   1.13105967   8.30435803  -2.13172068   1.65212709
   9.01777311  -0.71626101   0.77942510   5.30376206  -2.49246751  -0.88686926
   4.93563963  -3.85552697   2.14660984   4.69588063  -0.53759685   1.78711023


$constraints
 1
   2.66674871


# redundant internal coordinates
#  nbonds nangles ndihedrals nimpropers ncartesians
# bond  definitions A B
# angle definitions A B C
# dihedral definitions A B C D
# improper torsion definitions A B C D
# cartesian definitions A x/y/z
$redundant_internals
 5 7 3 0 0
   1   0  -1
   2   1   0
   3   0   0
   4   0   0
   5   0   0
   1   0   4   0   0
   1   0   3   0   0
   1   0   5   0   0
   3   0   5   0   0
   4   0   5   0   0
   3   0   4   0   0
   0   1   2   0   0
   2   1   0   5   0
   2   1   0   3   0
   2   1   0   4   0
$energies
 1
 -115.7380512578361902

$gradients
 1 18
   0.0001133417095624   0.0000521838520944  -0.0000122092030795  -0.0002270416098240
  -0.0000621670460774  -0.0000078155009989  -0.0000174478178242   0.0000166056919066
  -0.0000177259160841   0.0000317566623414   0.0000071845607180   0.0000086777637507
   0.0000634722124788  -0.0000122348111369   0.0000184624555590   0.0000359188413342
  -0.0000015722477591   0.0000106104011479

$redundant_coords
 1 15
   2.6667487069677347   1.8094463034359236   2.0712315591298824   2.0588978205202721
   2.0712334634239493   1.8677980383409858   1.9587185577632600   1.9587510022054084
   1.8984448607177042   1.8887471744341824   1.8887553626033602   1.8980441428117825
  -1.0721618342995902   1.0721055437147609   3.1415602475558071

$redundant_gradients
 1 15
   0.0000000000000000   0.0000140946041842  -0.0000150538938875  -0.0000046726724951
  -0.0000152117303394  -0.0000866412501935  -0.0000219713274760  -0.0000220813660748
   0.0000380951286730   0.0000482503837454   0.0000480052260076  -0.0000459850472764
  -0.0000092429069122   0.0000078074568142  -0.0000008342911390

$hessian_approx
 18 18
                  0          1          2          3          4          5    
      0     960.960637  36.667962 191.442183 -960.418359 -36.685191 -191.464539
      1      36.667962   2.233644   7.297124 -36.633104  -1.555746  -7.275954
      2     191.442183   7.297124  38.995724 -191.502622  -7.287794 -38.320267
      3     -960.418359 -36.633104 -191.502622 960.583278  36.773009 191.440291
      4     -36.685191  -1.555746  -7.287794  36.773009   1.871867   7.068694
      5     -191.464539  -7.275954 -38.320267 191.440291   7.068694  38.455429
      6      -0.005455  -0.055121   0.037920  -0.165963  -0.082072   0.028379
      7       0.000884   0.015383  -0.007379  -0.138077  -0.349436   0.204474
      8      -0.003026  -0.020110   0.019031   0.069325   0.217205  -0.169878
      9      -0.159549  -0.001236  -0.046529   0.011988  -0.007362  -0.058716
     10      -0.000657  -0.141849  -0.032952  -0.001566   0.006288   0.006650
     11      -0.036874  -0.026958  -0.338999  -0.002098   0.000600   0.010405
     12      -0.177439  -0.068448   0.040774  -0.004945  -0.045344   0.033488
     13      -0.062478  -0.275267   0.087121   0.001723   0.008031  -0.010182
     14       0.036410   0.085763  -0.191093  -0.000922  -0.020881   0.008624
     15      -0.199836   0.089947   0.028273  -0.006000   0.046960   0.021097
     16       0.079480  -0.276165  -0.056121  -0.001985   0.018996   0.006317
     17       0.025846  -0.059866  -0.164395  -0.003975   0.022176   0.015687
                  6          7          8          9         10         11    
      0      -0.005455   0.000884  -0.003026  -0.159549  -0.000657  -0.036874
      1      -0.055121   0.015383  -0.020110  -0.001236  -0.141849  -0.026958
      2       0.037920  -0.007379   0.019031  -0.046529  -0.032952  -0.338999
      3      -0.165963  -0.138077   0.069325   0.011988  -0.001566  -0.002098
      4      -0.082072  -0.349436   0.217205  -0.007362   0.006288   0.000600
      5       0.028379   0.204474  -0.169878  -0.058716   0.006650   0.010405
      6       0.171414   0.137205  -0.066283  -0.000015   0.001158  -0.000147
      7       0.137205   0.334015  -0.197147   0.000048  -0.003723   0.000472
      8      -0.066283  -0.197147   0.150777   0.000066  -0.005093   0.000646
      9      -0.000015   0.000048   0.000066   0.124046   0.002184   0.043488
     10       0.001158  -0.003723  -0.005093   0.002184   0.108027   0.031150
     11      -0.000147   0.000472   0.000646   0.043488   0.031150   0.339816
     12       0.000205  -0.000660  -0.000902   0.009664   0.018819  -0.004287
     13      -0.000660   0.002122   0.002902   0.011938   0.023246  -0.005296
     14      -0.000902   0.002902   0.003970   0.026277   0.051169  -0.011657
     15      -0.000187   0.000600   0.000821   0.013865  -0.019937  -0.000082
     16      -0.000510   0.001639   0.002242  -0.005571   0.008011   0.000033
     17       0.001033  -0.003323  -0.004545   0.035414  -0.050925  -0.000210
                 12         13         14         15         16         17    
      0      -0.177439  -0.062478   0.036410  -0.199836   0.079480   0.025846
      1      -0.068448  -0.275267   0.085763   0.089947  -0.276165  -0.059866
      2       0.040774   0.087121  -0.191093   0.028273  -0.056121  -0.164395
      3      -0.004945   0.001723  -0.000922  -0.006000  -0.001985  -0.003975
      4      -0.045344   0.008031  -0.020881   0.046960   0.018996   0.022176
      5       0.033488  -0.010182   0.008624   0.021097   0.006317   0.015687
      6       0.000205  -0.000660  -0.000902  -0.000187  -0.000510   0.001033
      7      -0.000660   0.002122   0.002902   0.000600   0.001639  -0.003323
      8      -0.000902   0.002902   0.003970   0.000821   0.002242  -0.004545
      9       0.009664   0.011938   0.026277   0.013865  -0.005571   0.035414
     10       0.018819   0.023246   0.051169  -0.019937   0.008011  -0.050925
     11      -0.004287  -0.005296  -0.011657  -0.000082   0.000033  -0.000210
     12       0.149332   0.071731  -0.042517   0.023182   0.023902  -0.026556
     13       0.071731   0.264813  -0.100039  -0.022254  -0.022945   0.025493
     14      -0.042517  -0.100039   0.169141  -0.018346  -0.018916   0.021016
     15       0.023182  -0.022254  -0.018346   0.168976  -0.095316  -0.031763
     16       0.023902  -0.022945  -0.018916  -0.095316   0.270464   0.066444
     17      -0.026556   0.025493   0.021016  -0.031763   0.066444   0.132448

$bmatrix
 15 18
                  0          1          2          3          4          5    
      0      -0.980010  -0.037438  -0.195394   0.980010   0.037438   0.195394
      1       0.000000   0.000000   0.000000  -0.394273  -0.782261   0.482303
      2       0.186921   0.125968   0.974265   0.000000   0.000000   0.000000
      3       0.366836   0.788756  -0.493249   0.000000   0.000000   0.000000
      4       0.480408  -0.817852  -0.316744   0.000000   0.000000   0.000000
      5       0.411866  -0.403252   0.388425   0.031385   0.305020  -0.215856
      6       0.548703  -0.050617  -0.455023  -0.074449   0.045291   0.364722
      7       0.371923   0.517936   0.322660   0.044428  -0.337043  -0.158254
      8      -0.449804   0.466355  -0.443193   0.000000   0.000000   0.000000
      9      -0.567076   0.021152   0.541845   0.000000   0.000000   0.000000
     10      -0.370377  -0.611425  -0.323424   0.000000   0.000000   0.000000
     11      -0.031387  -0.305013   0.215866  -0.466608   0.429916  -0.420384
     12      -0.130824  -0.220821   0.698463   0.152802  -0.345766  -0.700134
     13      -0.031620   0.743265   0.016181   0.130273  -0.564695  -0.545193
     14       0.089415  -0.287574  -0.393368   0.107596  -0.346074  -0.473343
                  6          7          8          9         10         11    
      0       0.000000   0.000000   0.000000   0.000000   0.000000   0.000000
      1       0.394273   0.782261  -0.482303   0.000000   0.000000   0.000000
      2       0.000000   0.000000   0.000000  -0.186921  -0.125968  -0.974265
      3       0.000000   0.000000   0.000000   0.000000   0.000000   0.000000
      4       0.000000   0.000000   0.000000   0.000000   0.000000   0.000000
      5       0.000000   0.000000   0.000000   0.000000   0.000000   0.000000
      6       0.000000   0.000000   0.000000  -0.474255   0.005326   0.090301
      7       0.000000   0.000000   0.000000   0.000000   0.000000   0.000000
      8       0.000000   0.000000   0.000000   0.275650  -0.396377  -0.001636
      9       0.000000   0.000000   0.000000   0.000000   0.000000   0.000000
     10       0.000000   0.000000   0.000000   0.216159   0.420927  -0.095896
     11       0.497996  -0.124903   0.204518   0.000000   0.000000   0.000000
     12      -0.105336   0.338801   0.463401   0.000000   0.000000   0.000000
     13      -0.105336   0.338801   0.463401   0.006683  -0.517371   0.065612
     14      -0.105336   0.338801   0.463401   0.000000   0.000000   0.000000
                 12         13         14         15         16         17    
      0       0.000000   0.000000   0.000000   0.000000   0.000000   0.000000
      1       0.000000   0.000000   0.000000   0.000000   0.000000   0.000000
      2       0.000000   0.000000   0.000000   0.000000   0.000000   0.000000
      3      -0.366836  -0.788756   0.493249   0.000000   0.000000   0.000000
      4       0.000000   0.000000   0.000000  -0.480408   0.817852   0.316744
      5      -0.443251   0.098232  -0.172569   0.000000   0.000000   0.000000
      6       0.000000   0.000000   0.000000   0.000000   0.000000   0.000000
      7       0.000000   0.000000   0.000000  -0.416351  -0.180893  -0.164406
      8       0.000000   0.000000   0.000000   0.174154  -0.069978   0.444829
      9       0.304284  -0.292105  -0.240806   0.262792   0.270953  -0.301039
     10       0.154218   0.190498   0.419319   0.000000   0.000000   0.000000
     11       0.000000   0.000000   0.000000   0.000000   0.000000   0.000000
     12       0.000000   0.000000   0.000000   0.083358   0.227787  -0.461729
     13       0.000000   0.000000   0.000000   0.000000   0.000000   0.000000
     14      -0.091676   0.294847   0.403310   0.000000   0.000000   0.000000

