
$orca_opt_file

$trust
    0.300000000000

$epredict
    0.000000000000

$ediffsc
  1000.000000000000

$ctyp
  3

$coordinates
 3 18
   5.69114080  -2.22589141   1.12696653   8.30472842  -2.13170557   1.65220268
   9.01387272  -0.71518197   0.77774892   5.30339167  -2.49248263  -0.88694296
   4.93526924  -3.85554209   2.14653614   4.69551024  -0.53761008   1.78703653

   5.69113291  -2.22899834   1.12923064   8.30547992  -2.13189562   1.65249036
   9.01253142  -0.71460203   0.77704794   5.30409067  -2.49291405  -0.88794920
   4.93487567  -3.85333109   2.14483957   4.69580251  -0.53667261   1.78788850

   5.69120108  -2.23040237   1.13026916   8.30581643  -2.13169399   1.65240105
   9.01161304  -0.71415912   0.77653765   5.30477332  -2.49200862  -0.88777569
   4.93381594  -3.85375975   2.14491868   4.69669328  -0.53638989   1.78719697


$constraints
 1
   1.89280764


# redundant internal coordinates
#  nbonds nangles ndihedrals nimpropers ncartesians
# bond  definitions A B
# angle definitions A B C
# dihedral definitions A B C D
# improper torsion definitions A B C D
# cartesian definitions A x/y/z
$redundant_internals
 5 7 3 0 0
   1   0   0
   2   1   0
   3   0   0
   4   0   0
   5   0   0
   1   0   4   0   0
   1   0   3   0   0
   1   0   5   0   0
   3   0   5   0   0
   4   0   5   0   0
   3   0   4   0   0
   0   1   2   0  -1
   2   1   0   5   0
   2   1   0   3   0
   2   1   0   4   0
$energies
 3
 -115.7380342605882504
 -115.7380478827794406
 -115.7380490377498319

$gradients
 3 18
   0.0004417088716354   0.0036625392026085  -0.0025772023260820   0.0002531994676542
  -0.0007527793681785   0.0006059656008570  -0.0005629679331994   0.0000186841806819
  -0.0001427285668128   0.0000581028269921  -0.0001971054304892   0.0010011377155924
  -0.0004921116416984  -0.0017542645114421   0.0011654789521079   0.0003020684119274
  -0.0009770740734870  -0.0000526513744710
   0.0000910760952302   0.0010038254851425  -0.0007135974804531   0.0003686188577716
  -0.0006177721086647   0.0005329565703428  -0.0004497864113536   0.0001530849576690
  -0.0002148218530705  -0.0000181257859946  -0.0002051166299236   0.0001227337780463
   0.0000307520902426  -0.0001479688303857   0.0001104982365574  -0.0000225348418256
  -0.0001860528739866   0.0001622307491391
   0.0000150032985851   0.0003389129403231  -0.0002446794901825   0.0004245456953213
  -0.0004250458856075   0.0004042829071302  -0.0004441367651396   0.0001221038530714
  -0.0001905939198801   0.0000010186102222  -0.0000862616672722  -0.0000233099581955
   0.0000251995146014   0.0000590720187472  -0.0000419407088577  -0.0000216303505401
  -0.0000087812597425   0.0000962411697894

$redundant_coords
 3 15
   2.6675052446297336   1.8094457999274101   2.0681517562311051   2.0655811179596015
   2.0681553275626676   1.8641939166058148   1.9605764270787909   1.9606069507447184
   1.9026086825661332   1.8863465111953170   1.8863542440905257   1.8928076448028845
  -1.0763136009336793   1.0762537728686379   3.1415588364444118
   2.6679655139061063   1.8097078130074347   2.0708615873797194   2.0595735948247187
   2.0708643477740489   1.8669074360593962   1.9593217474701188   1.9593528580652755
   1.9008894695454843   1.8872362919606500   1.8872465783247099   1.8928076400007210
  -1.0741989817683557   1.0741949048312434   3.1415880473839586
   2.6680664223714774   1.8096106370423253   2.0712965113570503   2.0587460014037631
   2.0712986767348021   1.8684102823403397   1.9586083650856811   1.9586413436670311
   1.8994009945263564   1.8880334994644896   1.8880443167116241   1.8928076400000469
  -1.0726588874065281   1.0727012495027548  -3.1415742839527852

$redundant_gradients
 3 15
  -0.0002379428879836  -0.0001374895384176  -0.0009601608548389   0.0021392787888822
  -0.0009598668559433  -0.0007509302420633   0.0003368968735533   0.0003366210223710
   0.0002107184104694  -0.0000926089813872  -0.0000931710557283   0.0000000000000000
  -0.0003964412955730   0.0003954077706757  -0.0000007676440410
  -0.0000338582794605   0.0000477462831553  -0.0000898394490364   0.0001598104053981
  -0.0000896752975302  -0.0002929913413074   0.0001342923001626   0.0001337982356907
   0.0001785948269745  -0.0000903252253227  -0.0000904685023801   0.0000000000000000
  -0.0002193916844439   0.0002185864845461  -0.0000003435468964
   0.0000117462599772   0.0000141033774081   0.0000336435537718  -0.0000766659958788
   0.0000337102740965  -0.0000340625041814   0.0000119542814472   0.0000116467068756
   0.0000873395539153  -0.0000422035995514  -0.0000421507500684   0.0000000000000000
  -0.0000666102826115   0.0000660317019028  -0.0000001679576335

$hessian_approx
 18 18
                  0          1          2          3          4          5    
      0       2.083351   9.846146  -6.911125  14.575143 -13.869011  13.479941
      1       9.846146  93.645488 -65.629520 142.145607 -130.782904 127.842181
      2      -6.911125 -65.629520  47.230161 -100.585568  92.378719 -90.522517
      3      14.575143 142.145607 -100.585568 217.946031 -199.702810 195.524069
      4     -13.869011 -130.782904  92.378719 -199.702810 184.186853 -179.979006
      5      13.479941 127.842181 -90.522517 195.524069 -179.979006 176.138264
      6     -16.121551 -152.015671 107.476089 -232.522465 213.578668 -209.000670
      7       4.000843  37.730191 -26.672288  57.544028 -53.388691  52.094510
      8      -6.590794 -62.136240  43.935847 -94.920515  87.562828 -85.622067
      9      -0.160554  -0.000489  -0.047152   0.013105  -0.007462  -0.058628
     10       0.005436  -0.077248  -0.080381   0.004178  -0.015465   0.024175
     11      -0.036209  -0.038296  -0.332868  -0.005685   0.009861   0.002766
     12      -0.176831  -0.077274   0.047143  -0.006981  -0.044519   0.032411
     13      -0.064550  -0.269454   0.083006   0.005576  -0.003150  -0.000968
     14       0.037854   0.080282  -0.185754  -0.004210  -0.012502   0.001734
     15      -0.199557   0.101681   0.020611  -0.004832   0.045134   0.022877
     16       0.081136  -0.246073  -0.079535   0.003419   0.003359   0.019107
     17       0.020333  -0.118408  -0.124870  -0.008092   0.040099   0.001821
                  6          7          8          9         10         11    
      0     -16.121551   4.000843  -6.590794  -0.160554   0.005436  -0.036209
      1     -152.015671  37.730191 -62.136240  -0.000489  -0.077248  -0.038296
      2     107.476089 -26.672288  43.935847  -0.047152  -0.080381  -0.332868
      3     -232.522465  57.544028 -94.920515   0.013105   0.004178  -0.005685
      4     213.578668 -53.388691  87.562828  -0.007462  -0.015465   0.009861
      5     -209.000670  52.094510 -85.622067  -0.058628   0.024175   0.002766
      6     248.644170 -61.545204 101.511623  -0.000939  -0.008714   0.002759
      7     -61.545204  15.646755 -25.413792  -0.000073   0.000023  -0.002347
      8     101.511623 -25.413792  41.676812  -0.000083  -0.010132   0.003456
      9      -0.000939  -0.000073  -0.000083   0.124976   0.002175   0.044040
     10      -0.008714   0.000023  -0.010132   0.002175   0.092776   0.043337
     11       0.002759  -0.002347   0.003456   0.044040   0.043337   0.344642
     12       0.003071  -0.000067  -0.000676   0.008962   0.016928  -0.008147
     13      -0.002475   0.006268  -0.000670   0.011418   0.007225  -0.013415
     14       0.001077  -0.000030   0.006568   0.026313   0.062304  -0.006754
     15      -0.002286   0.000473   0.000446   0.014451  -0.020005   0.003241
     16      -0.006603   0.005454  -0.001993  -0.005570  -0.007310   0.000859
     17       0.009122  -0.006053  -0.000616   0.035511  -0.039302  -0.011242
                 12         13         14         15         16         17    
      0      -0.176831  -0.064550   0.037854  -0.199557   0.081136   0.020333
      1      -0.077274  -0.269454   0.080282   0.101681  -0.246073  -0.118408
      2       0.047143   0.083006  -0.185754   0.020611  -0.079535  -0.124870
      3      -0.006981   0.005576  -0.004210  -0.004832   0.003419  -0.008092
      4      -0.044519  -0.003150  -0.012502   0.045134   0.003359   0.040099
      5       0.032411  -0.000968   0.001734   0.022877   0.019107   0.001821
      6       0.003071  -0.002475   0.001077  -0.002286  -0.006603   0.009122
      7      -0.000067   0.006268  -0.000030   0.000473   0.005454  -0.006053
      8      -0.000676  -0.000670   0.006568   0.000446  -0.001993  -0.000616
      9       0.008962   0.011418   0.026313   0.014451  -0.005570   0.035511
     10       0.016928   0.007225   0.062304  -0.020005  -0.007310  -0.039302
     11      -0.008147  -0.013415  -0.006754   0.003241   0.000859  -0.011242
     12       0.150820   0.078213  -0.046762   0.020956   0.026718  -0.023969
     13       0.078213   0.279978  -0.110166  -0.028183  -0.020867   0.042213
     14      -0.046762  -0.110166   0.174910  -0.014272  -0.019889   0.009294
     15       0.020956  -0.028183  -0.014272   0.171268  -0.099102  -0.032904
     16       0.026718  -0.020867  -0.019889  -0.099102   0.265439   0.081452
     17      -0.023969   0.042213   0.009294  -0.032904   0.081452   0.125611

$bmatrix
 15 18
                  0          1          2          3          4          5    
      0      -0.979966  -0.036996  -0.195697   0.979966   0.036996   0.195697
      1       0.000000   0.000000   0.000000  -0.390027  -0.783337   0.484007
      2       0.186563   0.126301   0.974291   0.000000   0.000000   0.000000
      3       0.367887   0.788518  -0.492848   0.000000   0.000000   0.000000
      4       0.480137  -0.817850  -0.317157   0.000000   0.000000   0.000000
      5       0.411512  -0.403557   0.388567   0.031567   0.304875  -0.215713
      6       0.548782  -0.051086  -0.454587  -0.074506   0.045471   0.364498
      7       0.372034   0.517397   0.322990   0.044342  -0.336792  -0.158374
      8      -0.449821   0.466587  -0.443365   0.000000   0.000000   0.000000
      9      -0.567184   0.021327   0.541455   0.000000   0.000000   0.000000
     10      -0.370566  -0.611031  -0.323503   0.000000   0.000000   0.000000
     11      -0.031566  -0.304879   0.215707  -0.467405   0.427745  -0.418942
     12      -0.130657  -0.222398   0.696321   0.152238  -0.343786  -0.697352
     13      -0.030823   0.741761   0.014121   0.129579  -0.562608  -0.542517
     14       0.089875  -0.289077  -0.395407   0.106958  -0.344004  -0.470565
                  6          7          8          9         10         11    
      0       0.000000   0.000000   0.000000   0.000000   0.000000   0.000000
      1       0.390027   0.783337  -0.484007   0.000000   0.000000   0.000000
      2       0.000000   0.000000   0.000000  -0.186563  -0.126301  -0.974291
      3       0.000000   0.000000   0.000000   0.000000   0.000000   0.000000
      4       0.000000   0.000000   0.000000   0.000000   0.000000   0.000000
      5       0.000000   0.000000   0.000000   0.000000   0.000000   0.000000
      6       0.000000   0.000000   0.000000  -0.474276   0.005615   0.090090
      7       0.000000   0.000000   0.000000   0.000000   0.000000   0.000000
      8       0.000000   0.000000   0.000000   0.275621  -0.396380  -0.001393
      9       0.000000   0.000000   0.000000   0.000000   0.000000   0.000000
     10       0.000000   0.000000   0.000000   0.216514   0.420704  -0.095997
     11       0.498971  -0.122865   0.203235   0.000000   0.000000   0.000000
     12      -0.105138   0.338153   0.462558   0.000000   0.000000   0.000000
     13      -0.105138   0.338153   0.462558   0.006382  -0.517306   0.065838
     14      -0.105138   0.338153   0.462558   0.000000   0.000000   0.000000
                 12         13         14         15         16         17    
      0       0.000000   0.000000   0.000000   0.000000   0.000000   0.000000
      1       0.000000   0.000000   0.000000   0.000000   0.000000   0.000000
      2       0.000000   0.000000   0.000000   0.000000   0.000000   0.000000
      3      -0.367887  -0.788518   0.492848   0.000000   0.000000   0.000000
      4       0.000000   0.000000   0.000000  -0.480137   0.817850   0.317157
      5      -0.443079   0.098681  -0.172855   0.000000   0.000000   0.000000
      6       0.000000   0.000000   0.000000   0.000000   0.000000   0.000000
      7       0.000000   0.000000   0.000000  -0.416375  -0.180605  -0.164616
      8       0.000000   0.000000   0.000000   0.174200  -0.070207   0.444759
      9       0.304137  -0.292369  -0.240743   0.263047   0.271042  -0.300712
     10       0.154052   0.190327   0.419500   0.000000   0.000000   0.000000
     11       0.000000   0.000000   0.000000   0.000000   0.000000   0.000000
     12       0.000000   0.000000   0.000000   0.083557   0.228032  -0.461527
     13       0.000000   0.000000   0.000000   0.000000   0.000000   0.000000
     14      -0.091695   0.294927   0.403414   0.000000   0.000000   0.000000

