
$orca_opt_file

$trust
    0.300000000000

$epredict
    0.000000000000

$ediffsc
  1000.000000000000

$ctyp
  3

$coordinates
 1 18
   5.69017704  -2.23158704   1.13091227   8.30509880  -2.13169234   1.65227638
   9.01851388  -0.71623266   0.77957250   5.30302129  -2.49249586  -0.88701666
   4.93489886  -3.85555532   2.14646244   4.69513985  -0.53762520   1.78696283


$constraints
 1
   2.66826073


# redundant internal coordinates
#  nbonds nangles ndihedrals nimpropers ncartesians
# bond  definitions A B
# angle definitions A B C
# dihedral definitions A B C D
# improper torsion definitions A B C D
# cartesian definitions A x/y/z
$redundant_internals
 5 7 3 0 0
   1   0  -1
   2   1   0
   3   0   0
   4   0   0
   5   0   0
   1   0   4   0   0
   1   0   3   0   0
   1   0   5   0   0
   3   0   5   0   0
   4   0   5   0   0
   3   0   4   0   0
   0   1   2   0   0
   2   1   0   5   0
   2   1   0   3   0
   2   1   0   4   0
$energies
 1
 -115.7380512348948685

$gradients
 1 18
  -0.0003041957593194   0.0000110887796127  -0.0000771040913360   0.0002917602157988
  -0.0000050697529650   0.0000683767151120   0.0000187265420542   0.0000052030176623
  -0.0000011703988308  -0.0000127546255344   0.0000024145828267  -0.0000082057831207
   0.0000179366129396  -0.0000167616709736   0.0000114212650386  -0.0000114729829105
   0.0000031250432049   0.0000066822934073

$redundant_coords
 1 15
   2.6682607294398459   1.8094472148578957   2.0712315591298824   2.0588978205202713
   2.0712334634239493   1.8677977873059697   1.9587190346820860   1.9587507654039078
   1.8984448607177040   1.8887471744341822   1.8887553626033604   1.8980435052806326
  -1.0721630174459535   1.0721045407614400   3.1415593582876107

$redundant_gradients
 1 15
   0.0000000000000000   0.0000114490575516   0.0000103193686114   0.0000121280034990
   0.0000101512053364  -0.0000420070950223   0.0000175310729982   0.0000173367420024
  -0.0000046930581187   0.0000055299201159   0.0000052667105923   0.0000287520220586
  -0.0000107130983207   0.0000092790304739  -0.0000008216554535

$hessian_approx
 18 18
                  0          1          2          3          4          5    
      0     960.960342  36.667995 191.442660 -960.418171 -36.685227 -191.465021
      1      36.667995   2.233311   7.297180 -36.633195  -1.555496  -7.276018
      2     191.442660   7.297180  38.995599 -191.503063  -7.287846 -38.320213
      3     -960.418171 -36.633195 -191.503063 960.583048  36.773125 191.440731
      4     -36.685227  -1.555496  -7.287846  36.773125   1.871592   7.068698
      5     -191.465021  -7.276018 -38.320213 191.440731   7.068698  38.455294
      6      -0.005450  -0.055060   0.037884  -0.165918  -0.082158   0.028414
      7       0.000886   0.015358  -0.007384  -0.138104  -0.349362   0.204536
      8      -0.003019  -0.020101   0.018993   0.069317   0.217253  -0.169749
      9      -0.159499  -0.001245  -0.046598   0.011975  -0.007354  -0.058654
     10      -0.000660  -0.141798  -0.032949  -0.001557   0.006248   0.006612
     11      -0.036883  -0.026963  -0.338986  -0.002096   0.000603   0.010398
     12      -0.177410  -0.068507   0.040817  -0.004938  -0.045300   0.033448
     13      -0.062488  -0.275244   0.087126   0.001718   0.008033  -0.010156
     14       0.036416   0.085756  -0.191054  -0.000925  -0.020844   0.008635
     15      -0.199813   0.090012   0.028301  -0.005995   0.046914   0.021082
     16       0.079494  -0.276131  -0.056127  -0.001987   0.018984   0.006328
     17       0.025847  -0.059854  -0.164339  -0.003963   0.022136   0.015635
                  6          7          8          9         10         11    
      0      -0.005450   0.000886  -0.003019  -0.159499  -0.000660  -0.036883
      1      -0.055060   0.015358  -0.020101  -0.001245  -0.141798  -0.026963
      2       0.037884  -0.007384   0.018993  -0.046598  -0.032949  -0.338986
      3      -0.165918  -0.138104   0.069317   0.011975  -0.001557  -0.002096
      4      -0.082158  -0.349362   0.217253  -0.007354   0.006248   0.000603
      5       0.028414   0.204536  -0.169749  -0.058654   0.006612   0.010398
      6       0.171365   0.137230  -0.066282  -0.000015   0.001151  -0.000146
      7       0.137230   0.333967  -0.197203   0.000048  -0.003701   0.000469
      8      -0.066282  -0.197203   0.150686   0.000065  -0.005062   0.000642
      9      -0.000015   0.000048   0.000065   0.124009   0.002185   0.043495
     10       0.001151  -0.003701  -0.005062   0.002185   0.107992   0.031154
     11      -0.000146   0.000469   0.000642   0.043495   0.031154   0.339814
     12       0.000204  -0.000656  -0.000897   0.009664   0.018819  -0.004287
     13      -0.000656   0.002109   0.002885   0.011938   0.023246  -0.005296
     14      -0.000897   0.002885   0.003946   0.026277   0.051169  -0.011657
     15      -0.000185   0.000596   0.000816   0.013865  -0.019937  -0.000082
     16      -0.000507   0.001629   0.002228  -0.005571   0.008011   0.000033
     17       0.001027  -0.003303  -0.004517   0.035414  -0.050925  -0.000210
                 12         13         14         15         16         17    
      0      -0.177410  -0.062488   0.036416  -0.199813   0.079494   0.025847
      1      -0.068507  -0.275244   0.085756   0.090012  -0.276131  -0.059854
      2       0.040817   0.087126  -0.191054   0.028301  -0.056127  -0.164339
      3      -0.004938   0.001718  -0.000925  -0.005995  -0.001987  -0.003963
      4      -0.045300   0.008033  -0.020844   0.046914   0.018984   0.022136
      5       0.033448  -0.010156   0.008635   0.021082   0.006328   0.015635
      6       0.000204  -0.000656  -0.000897  -0.000185  -0.000507   0.001027
      7      -0.000656   0.002109   0.002885   0.000596   0.001629  -0.003303
      8      -0.000897   0.002885   0.003946   0.000816   0.002228  -0.004517
      9       0.009664   0.011938   0.026277   0.013865  -0.005571   0.035414
     10       0.018819   0.023246   0.051169  -0.019937   0.008011  -0.050925
     11      -0.004287  -0.005296  -0.011657  -0.000082   0.000033  -0.000210
     12       0.149298   0.071742  -0.042525   0.023182   0.023902  -0.026556
     13       0.071742   0.264800  -0.100051  -0.022254  -0.022945   0.025493
     14      -0.042525  -0.100051   0.169115  -0.018346  -0.018916   0.021016
     15       0.023182  -0.022254  -0.018346   0.168947  -0.095331  -0.031769
     16       0.023902  -0.022945  -0.018916  -0.095331   0.270452   0.066453
     17      -0.026556   0.025493   0.021016  -0.031769   0.066453   0.132415

$bmatrix
 15 18
                  0          1          2          3          4          5    
      0      -0.980010  -0.037438  -0.195395   0.980010   0.037438   0.195395
      1       0.000000   0.000000   0.000000  -0.394272  -0.782261   0.482304
      2       0.186921   0.125968   0.974265   0.000000   0.000000   0.000000
      3       0.366836   0.788756  -0.493249   0.000000   0.000000   0.000000
      4       0.480408  -0.817852  -0.316744   0.000000   0.000000   0.000000
      5       0.411884  -0.403079   0.388303   0.031367   0.304847  -0.215734
      6       0.548661  -0.050592  -0.454817  -0.074407   0.045266   0.364516
      7       0.371948   0.517745   0.322571   0.044403  -0.336852  -0.158164
      8      -0.449804   0.466355  -0.443193   0.000000   0.000000   0.000000
      9      -0.567076   0.021152   0.541845   0.000000   0.000000   0.000000
     10      -0.370377  -0.611425  -0.323424   0.000000   0.000000   0.000000
     11      -0.031370  -0.304840   0.215744  -0.466626   0.429742  -0.420262
     12      -0.130797  -0.220825   0.698328   0.152775  -0.345762  -0.699999
     13      -0.031606   0.743138   0.016134   0.130259  -0.564567  -0.545146
     14       0.089417  -0.287578  -0.393374   0.107594  -0.346070  -0.473336
                  6          7          8          9         10         11    
      0       0.000000   0.000000   0.000000   0.000000   0.000000   0.000000
      1       0.394272   0.782261  -0.482304   0.000000   0.000000   0.000000
      2       0.000000   0.000000   0.000000  -0.186921  -0.125968  -0.974265
      3       0.000000   0.000000   0.000000   0.000000   0.000000   0.000000
      4       0.000000   0.000000   0.000000   0.000000   0.000000   0.000000
      5       0.000000   0.000000   0.000000   0.000000   0.000000   0.000000
      6       0.000000   0.000000   0.000000  -0.474255   0.005326   0.090301
      7       0.000000   0.000000   0.000000   0.000000   0.000000   0.000000
      8       0.000000   0.000000   0.000000   0.275650  -0.396377  -0.001636
      9       0.000000   0.000000   0.000000   0.000000   0.000000   0.000000
     10       0.000000   0.000000   0.000000   0.216159   0.420927  -0.095896
     11       0.497995  -0.124902   0.204518   0.000000   0.000000   0.000000
     12      -0.105336   0.338801   0.463400   0.000000   0.000000   0.000000
     13      -0.105336   0.338801   0.463400   0.006683  -0.517371   0.065612
     14      -0.105336   0.338801   0.463400   0.000000   0.000000   0.000000
                 12         13         14         15         16         17    
      0       0.000000   0.000000   0.000000   0.000000   0.000000   0.000000
      1       0.000000   0.000000   0.000000   0.000000   0.000000   0.000000
      2       0.000000   0.000000   0.000000   0.000000   0.000000   0.000000
      3      -0.366836  -0.788756   0.493249   0.000000   0.000000   0.000000
      4       0.000000   0.000000   0.000000  -0.480408   0.817852   0.316744
      5      -0.443251   0.098232  -0.172569   0.000000   0.000000   0.000000
      6       0.000000   0.000000   0.000000   0.000000   0.000000   0.000000
      7       0.000000   0.000000   0.000000  -0.416351  -0.180893  -0.164406
      8       0.000000   0.000000   0.000000   0.174154  -0.069978   0.444829
      9       0.304284  -0.292105  -0.240806   0.262792   0.270953  -0.301039
     10       0.154218   0.190498   0.419319   0.000000   0.000000   0.000000
     11       0.000000   0.000000   0.000000   0.000000   0.000000   0.000000
     12       0.000000   0.000000   0.000000   0.083358   0.227787  -0.461729
     13       0.000000   0.000000   0.000000   0.000000   0.000000   0.000000
     14      -0.091676   0.294847   0.403310   0.000000   0.000000   0.000000

