
$orca_opt_file

$trust
    0.300000000000

$epredict
    0.000000000000

$ediffsc
  1000.000000000000

$ctyp
  3

$coordinates
 1 18
   5.69084411  -2.23098044   1.13062126   8.30502699  -2.13111408   1.65183796
   9.01784492  -0.71683926   0.77986352   5.30369025  -2.49189115  -0.88730768
   4.93556782  -3.85495061   2.14617142   4.69580882  -0.53701859   1.78667181


$constraints
 1
   1.80793310


# redundant internal coordinates
#  nbonds nangles ndihedrals nimpropers ncartesians
# bond  definitions A B
# angle definitions A B C
# dihedral definitions A B C D
# improper torsion definitions A B C D
# cartesian definitions A x/y/z
$redundant_internals
 5 7 3 0 0
   1   0   0
   2   1  -1
   3   0   0
   4   0   0
   5   0   0
   1   0   4   0   0
   1   0   3   0   0
   1   0   5   0   0
   3   0   5   0   0
   4   0   5   0   0
   3   0   4   0   0
   0   1   2   0   0
   2   1   0   5   0
   2   1   0   3   0
   2   1   0   4   0
$energies
 1
 -115.7380507481416316

$gradients
 1 18
  -0.0000960675835034   0.0000503734559940  -0.0000581070359678   0.0003761995039547
   0.0006003893846292  -0.0003550943665336  -0.0003406433557957  -0.0006364674957135
   0.0003862848039278   0.0000064932142396   0.0000041534932260   0.0000005894590463
   0.0000444625113501  -0.0000179527016012   0.0000181838381837   0.0000095557111636
  -0.0000004961365416   0.0000081433010502

$redundant_coords
 1 15
   2.6675067547751135   1.8079330963393052   2.0712314439478958   2.0588986178350357
   2.0712325555850057   1.8677967449287964   1.9587180938813613   1.9587500314292083
   1.8984464597678399   1.8887487980497788   1.8887549070861966   1.8980432799504072
  -1.0721633502747145   1.0721050544520541   3.1415581194396744

$redundant_gradients
 1 15
   0.0000399200855961   0.0000000000000000  -0.0000020687740689   0.0000066739353639
  -0.0000024497363693  -0.0000747022397073   0.0000032004476676   0.0000029961443794
   0.0000149303838854   0.0000274679445007   0.0000270314199338  -0.0000353274045488
  -0.0000128273600256   0.0000114610338414  -0.0000008900736784

$hessian_approx
 18 18
                  0          1          2          3          4          5    
      0       1.037592  -0.002780   0.052864  -0.495361  -0.014452  -0.075219
      1      -0.002780   0.832606  -0.014280   0.037682  -0.154769   0.035475
      2       0.052864  -0.014280   0.836394  -0.113337   0.023624  -0.160996
      3      -0.495361   0.037682  -0.113337 156.029520 308.364026 -190.008483
      4      -0.014452  -0.154769   0.023624 308.364026 612.081466 -377.332688
      5      -0.075219   0.035475  -0.160996 -190.008483 -377.332688 232.791861
      6      -0.005460  -0.055164   0.037953 -155.535201 -308.343831 190.087829
      7       0.000886   0.015390  -0.007393 -308.399881 -611.959988 377.294429
      8      -0.003026  -0.020133   0.019036 190.128808 377.307170 -232.665557
      9      -0.159523  -0.001241  -0.046563   0.011982  -0.007358  -0.058685
     10      -0.000658  -0.141824  -0.032951  -0.001563   0.006271   0.006635
     11      -0.036879  -0.026961  -0.338993  -0.002097   0.000601   0.010401
     12      -0.177424  -0.068477   0.040796  -0.004942  -0.045321   0.033469
     13      -0.062483  -0.275255   0.087123   0.001721   0.008030  -0.010171
     14       0.036413   0.085760  -0.191073  -0.000923  -0.020865   0.008626
     15      -0.199824   0.089980   0.028287  -0.005998   0.046937   0.021089
     16       0.079487  -0.276149  -0.056124  -0.001986   0.018989   0.006321
     17       0.025847  -0.059860  -0.164367  -0.003970   0.022159   0.015664
                  6          7          8          9         10         11    
      0      -0.005460   0.000886  -0.003026  -0.159523  -0.000658  -0.036879
      1      -0.055164   0.015390  -0.020133  -0.001241  -0.141824  -0.026961
      2       0.037953  -0.007393   0.019036  -0.046563  -0.032951  -0.338993
      3     -155.535201 -308.399881 190.128808   0.011982  -0.001563  -0.002097
      4     -308.343831 -611.959988 377.307170  -0.007358   0.006271   0.000601
      5     190.087829 377.294429 -232.665557  -0.058685   0.006635   0.010401
      6     155.540657 308.399007 -190.125766  -0.000015   0.001155  -0.000146
      7     308.399007 611.944560 -377.287088   0.000048  -0.003715   0.000471
      8     -190.125766 -377.287088 232.646451   0.000066  -0.005081   0.000644
      9      -0.000015   0.000048   0.000066   0.124027   0.002184   0.043492
     10       0.001155  -0.003715  -0.005081   0.002184   0.108010   0.031152
     11      -0.000146   0.000471   0.000644   0.043492   0.031152   0.339815
     12       0.000205  -0.000658  -0.000900   0.009664   0.018819  -0.004287
     13      -0.000658   0.002117   0.002896   0.011938   0.023246  -0.005296
     14      -0.000900   0.002896   0.003961   0.026277   0.051169  -0.011657
     15      -0.000186   0.000599   0.000819   0.013865  -0.019937  -0.000082
     16      -0.000509   0.001636   0.002237  -0.005571   0.008011   0.000033
     17       0.001031  -0.003315  -0.004535   0.035414  -0.050925  -0.000210
                 12         13         14         15         16         17    
      0      -0.177424  -0.062483   0.036413  -0.199824   0.079487   0.025847
      1      -0.068477  -0.275255   0.085760   0.089980  -0.276149  -0.059860
      2       0.040796   0.087123  -0.191073   0.028287  -0.056124  -0.164367
      3      -0.004942   0.001721  -0.000923  -0.005998  -0.001986  -0.003970
      4      -0.045321   0.008030  -0.020865   0.046937   0.018989   0.022159
      5       0.033469  -0.010171   0.008626   0.021089   0.006321   0.015664
      6       0.000205  -0.000658  -0.000900  -0.000186  -0.000509   0.001031
      7      -0.000658   0.002117   0.002896   0.000599   0.001636  -0.003315
      8      -0.000900   0.002896   0.003961   0.000819   0.002237  -0.004535
      9       0.009664   0.011938   0.026277   0.013865  -0.005571   0.035414
     10       0.018819   0.023246   0.051169  -0.019937   0.008011  -0.050925
     11      -0.004287  -0.005296  -0.011657  -0.000082   0.000033  -0.000210
     12       0.149315   0.071736  -0.042521   0.023182   0.023902  -0.026556
     13       0.071736   0.264807  -0.100045  -0.022254  -0.022945   0.025493
     14      -0.042521  -0.100045   0.169127  -0.018346  -0.018916   0.021016
     15       0.023182  -0.022254  -0.018346   0.168961  -0.095324  -0.031766
     16       0.023902  -0.022945  -0.018916  -0.095324   0.270458   0.066449
     17      -0.026556   0.025493   0.021016  -0.031766   0.066449   0.132432

$bmatrix
 15 18
                  0          1          2          3          4          5    
      0      -0.980010  -0.037438  -0.195395   0.980010   0.037438   0.195395
      1       0.000000   0.000000   0.000000  -0.394272  -0.782261   0.482305
      2       0.186920   0.125969   0.974265   0.000000   0.000000   0.000000
      3       0.366835   0.788757  -0.493249   0.000000   0.000000   0.000000
      4       0.480407  -0.817852  -0.316744   0.000000   0.000000   0.000000
      5       0.411875  -0.403165   0.388363   0.031376   0.304934  -0.215795
      6       0.548682  -0.050605  -0.454919  -0.074428   0.045279   0.364619
      7       0.371936   0.517840   0.322615   0.044416  -0.336947  -0.158209
      8      -0.449804   0.466356  -0.443194   0.000000   0.000000   0.000000
      9      -0.567076   0.021151   0.541846   0.000000   0.000000   0.000000
     10      -0.370375  -0.611426  -0.323424   0.000000   0.000000   0.000000
     11      -0.031379  -0.304926   0.215805  -0.467034   0.429933  -0.420494
     12      -0.130810  -0.220823   0.698395   0.152876  -0.346049  -0.700453
     13      -0.031613   0.743201   0.016157   0.130354  -0.564915  -0.545557
     14       0.089416  -0.287575  -0.393371   0.107683  -0.346356  -0.473727
                  6          7          8          9         10         11    
      0       0.000000   0.000000   0.000000   0.000000   0.000000   0.000000
      1       0.394272   0.782261  -0.482305   0.000000   0.000000   0.000000
      2       0.000000   0.000000   0.000000  -0.186920  -0.125969  -0.974265
      3       0.000000   0.000000   0.000000   0.000000   0.000000   0.000000
      4       0.000000   0.000000   0.000000   0.000000   0.000000   0.000000
      5       0.000000   0.000000   0.000000   0.000000   0.000000   0.000000
      6       0.000000   0.000000   0.000000  -0.474255   0.005326   0.090301
      7       0.000000   0.000000   0.000000   0.000000   0.000000   0.000000
      8       0.000000   0.000000   0.000000   0.275650  -0.396377  -0.001635
      9       0.000000   0.000000   0.000000   0.000000   0.000000   0.000000
     10       0.000000   0.000000   0.000000   0.216158   0.420928  -0.095896
     11       0.498412  -0.125007   0.204689   0.000000   0.000000   0.000000
     12      -0.105424   0.339085   0.463788   0.000000   0.000000   0.000000
     13      -0.105424   0.339085   0.463788   0.006683  -0.517371   0.065612
     14      -0.105424   0.339085   0.463788   0.000000   0.000000   0.000000
                 12         13         14         15         16         17    
      0       0.000000   0.000000   0.000000   0.000000   0.000000   0.000000
      1       0.000000   0.000000   0.000000   0.000000   0.000000   0.000000
      2       0.000000   0.000000   0.000000   0.000000   0.000000   0.000000
      3      -0.366835  -0.788757   0.493249   0.000000   0.000000   0.000000
      4       0.000000   0.000000   0.000000  -0.480407   0.817852   0.316744
      5      -0.443251   0.098232  -0.172569   0.000000   0.000000   0.000000
      6       0.000000   0.000000   0.000000   0.000000   0.000000   0.000000
      7       0.000000   0.000000   0.000000  -0.416351  -0.180893  -0.164406
      8       0.000000   0.000000   0.000000   0.174154  -0.069979   0.444830
      9       0.304284  -0.292104  -0.240806   0.262792   0.270953  -0.301040
     10       0.154217   0.190498   0.419319   0.000000   0.000000   0.000000
     11       0.000000   0.000000   0.000000   0.000000   0.000000   0.000000
     12       0.000000   0.000000   0.000000   0.083358   0.227787  -0.461729
     13       0.000000   0.000000   0.000000   0.000000   0.000000   0.000000
     14      -0.091676   0.294846   0.403310   0.000000   0.000000   0.000000

