
$orca_opt_file

$trust
    0.300000000000

$epredict
    0.000000000000

$ediffsc
  1000.000000000000

$ctyp
  3

$coordinates
 1 18
   5.69054742  -2.23157192   1.13098597   8.30500243  -2.13379749   1.65122002
   9.01814350  -0.71624778   0.77949880   5.30339167  -2.49248263  -0.88694296
   4.93526924  -3.85554209   2.14653614   4.69395311  -0.53828849   1.78642048


$constraints
 1
   1.96049556


# redundant internal coordinates
#  nbonds nangles ndihedrals nimpropers ncartesians
# bond  definitions A B
# angle definitions A B C
# dihedral definitions A B C D
# improper torsion definitions A B C D
# cartesian definitions A x/y/z
$redundant_internals
 5 7 3 0 0
   1   0   0
   2   1   0
   3   0   0
   4   0   0
   5   0   0
   1   0   4   0   0
   1   0   3   0   0
   1   0   5   0  -1
   3   0   5   0   0
   4   0   5   0   0
   3   0   4   0   0
   0   1   2   0   0
   2   1   0   5   0
   2   1   0   3   0
   2   1   0   4   0
$energies
 1
 -115.7380506469502421

$gradients
 1 18
  -0.0000216132222173   0.0002559047306970   0.0000400095040884  -0.0001042159738470
  -0.0006666999388089   0.0002766832056568   0.0001662354797837   0.0004631854763925
  -0.0002963841936764   0.0000371341794619   0.0000200145404657   0.0000047826198797
   0.0000720983507450  -0.0000020575901870   0.0000326422207111  -0.0001496388146384
  -0.0000703472186145  -0.0000577333563456

$redundant_coords
 1 15
   2.6675041269151696   1.8105013820705338   2.0712317971756806   2.0588993110536737
   2.0712323408365432   1.8673801840332522   1.9582456111448130   1.9604955577744603
   1.8979477774141178   1.8883400635306824   1.8887542071778063   1.8974285549216277
  -1.0707118143883048   1.0738559018973386  -3.1404096961729153

$redundant_gradients
 1 15
   0.0000498333020832   0.0005702436379436  -0.0000138696702902  -0.0000088784277011
  -0.0000038094970534  -0.0001026184740542  -0.0000303207107066   0.0000000000000000
   0.0000284985936651   0.0000403941667087   0.0000679606128277  -0.0001155246168554
  -0.0000085156990771   0.0000061785714037   0.0000071671777294

$hessian_approx
 18 18
                  0          1          2          3          4          5    
      0     180.776130 250.349869 156.005800  20.806760 -162.799421 -76.535710
      1     250.349869 349.543902 217.209323  29.709326 -226.894971 -106.464971
      2     156.005800 217.209323 136.151567  18.370207 -141.220156 -66.503213
      3      20.806760  29.709326  18.370207   3.184633 -19.191399  -9.010922
      4     -162.799421 -226.894971 -141.220156 -19.191399 147.902411  69.006811
      5     -76.535710 -106.464971 -66.503213  -9.010922  69.006811  32.821390
      6      -0.005460  -0.055109   0.037797  -0.165525  -0.081742   0.028165
      7       0.000892   0.015390  -0.007376  -0.137744  -0.349312   0.203939
      8      -0.003016  -0.020058   0.018927   0.068978   0.216619  -0.168967
      9      -0.161310  -0.003607  -0.048123   0.011745  -0.005784  -0.057938
     10      -0.009358  -0.153953  -0.040644  -0.002602   0.014197   0.010408
     11      -0.035411  -0.024939  -0.337699  -0.001917  -0.000726   0.009770
     12      -0.177552  -0.068533   0.040795  -0.004969  -0.045286   0.033481
     13      -0.066647  -0.281132   0.083536   0.001226   0.011874  -0.008393
     14       0.029658   0.076319  -0.196810  -0.001735  -0.014692   0.011478
     15     -201.238567 -279.931945 -174.406476 -23.832644 182.123632  85.542924
     16     -87.475335 -122.229235 -76.024682 -10.378807  79.315802  37.252206
     17     -79.461320 -110.775674 -69.132772  -9.424613  72.012145  33.829541
                  6          7          8          9         10         11    
      0      -0.005460   0.000892  -0.003016  -0.161310  -0.009358  -0.035411
      1      -0.055109   0.015390  -0.020058  -0.003607  -0.153953  -0.024939
      2       0.037797  -0.007376   0.018927  -0.048123  -0.040644  -0.337699
      3      -0.165525  -0.137744   0.068978   0.011745  -0.002602  -0.001917
      4      -0.081742  -0.349312   0.216619  -0.005784   0.014197  -0.000726
      5       0.028165   0.203939  -0.168967  -0.057938   0.010408   0.009770
      6       0.170982   0.136863  -0.065947  -0.000014   0.001149  -0.000146
      7       0.136863   0.333883  -0.196614   0.000045  -0.003701   0.000470
      8      -0.065947  -0.196614   0.149971   0.000062  -0.005078   0.000645
      9      -0.000014   0.000045   0.000062   0.124076   0.002111   0.043492
     10       0.001149  -0.003701  -0.005078   0.002111   0.107962   0.031172
     11      -0.000146   0.000470   0.000645   0.043492   0.031172   0.339812
     12       0.000203  -0.000653  -0.000896   0.009664   0.018819  -0.004287
     13      -0.000655   0.002109   0.002894   0.011938   0.023246  -0.005296
     14      -0.000896   0.002886   0.003960   0.026277   0.051169  -0.011657
     15      -0.000185   0.000597   0.000819   0.015839  -0.010118  -0.001731
     16      -0.000506   0.001631   0.002238  -0.004702   0.012248  -0.000681
     17       0.001026  -0.003306  -0.004536   0.036231  -0.047027  -0.000871
                 12         13         14         15         16         17    
      0      -0.177552  -0.066647   0.029658 -201.238567 -87.475335 -79.461320
      1      -0.068533  -0.281132   0.076319 -279.931945 -122.229235 -110.775674
      2       0.040795   0.083536  -0.196810 -174.406476 -76.024682 -69.132772
      3      -0.004969   0.001226  -0.001735 -23.832644 -10.378807  -9.424613
      4      -0.045286   0.011874  -0.014692 182.123632  79.315802  72.012145
      5       0.033481  -0.008393   0.011478  85.542924  37.252206  33.829541
      6       0.000203  -0.000655  -0.000896  -0.000185  -0.000506   0.001026
      7      -0.000653   0.002109   0.002886   0.000597   0.001631  -0.003306
      8      -0.000896   0.002894   0.003960   0.000819   0.002238  -0.004536
      9       0.009664   0.011938   0.026277   0.015839  -0.004702   0.036231
     10       0.018819   0.023246   0.051169  -0.010118   0.012248  -0.047027
     11      -0.004287  -0.005296  -0.011657  -0.001731  -0.000681  -0.000871
     12       0.149382   0.071684  -0.042554   0.023272   0.023969  -0.026539
     13       0.071684   0.264811  -0.100075  -0.017546  -0.020908   0.027336
     14      -0.042554  -0.100075   0.169053  -0.010750  -0.015607   0.023975
     15       0.023272  -0.017546  -0.010750 225.032286  97.835381  88.875214
     16       0.023969  -0.020908  -0.015607  97.835381  42.920462  38.786527
     17      -0.026539   0.027336   0.023975  88.875214  38.786527  35.284663

$bmatrix
 15 18
                  0          1          2          3          4          5    
      0      -0.980113  -0.036654  -0.195027   0.980113   0.036654   0.195027
      1       0.000000   0.000000   0.000000  -0.393891  -0.782960   0.481481
      2       0.186921   0.125969   0.974265   0.000000   0.000000   0.000000
      3       0.366836   0.788756  -0.493249   0.000000   0.000000   0.000000
      4       0.481160  -0.817525  -0.316447   0.000000   0.000000   0.000000
      5       0.411807  -0.403448   0.387955   0.031514   0.304991  -0.215695
      6       0.548515  -0.051102  -0.454892  -0.074255   0.045397   0.364640
      7       0.372053   0.518197   0.322813   0.044095  -0.336960  -0.158273
      8      -0.450075   0.465890  -0.443161   0.000000   0.000000   0.000000
      9      -0.567336   0.020924   0.541413   0.000000   0.000000   0.000000
     10      -0.370376  -0.611425  -0.323423   0.000000   0.000000   0.000000
     11      -0.031434  -0.305248   0.215342  -0.466433   0.430374  -0.419166
     12      -0.130866  -0.221615   0.699323   0.152334  -0.344195  -0.700870
     13      -0.030958   0.742595   0.016017   0.129568  -0.563189  -0.545301
     14       0.089045  -0.287633  -0.393439   0.107133  -0.344955  -0.473571
                  6          7          8          9         10         11    
      0       0.000000   0.000000   0.000000   0.000000   0.000000   0.000000
      1       0.393891   0.782960  -0.481481   0.000000   0.000000   0.000000
      2       0.000000   0.000000   0.000000  -0.186921  -0.125969  -0.974265
      3       0.000000   0.000000   0.000000   0.000000   0.000000   0.000000
      4       0.000000   0.000000   0.000000   0.000000   0.000000   0.000000
      5       0.000000   0.000000   0.000000   0.000000   0.000000   0.000000
      6       0.000000   0.000000   0.000000  -0.474259   0.005705   0.090253
      7       0.000000   0.000000   0.000000   0.000000   0.000000   0.000000
      8       0.000000   0.000000   0.000000   0.275942  -0.396173  -0.001718
      9       0.000000   0.000000   0.000000   0.000000   0.000000   0.000000
     10       0.000000   0.000000   0.000000   0.216158   0.420927  -0.095896
     11       0.497867  -0.125126   0.203824   0.000000   0.000000   0.000000
     12      -0.104886   0.337861   0.463607   0.000000   0.000000   0.000000
     13      -0.104886   0.337861   0.463607   0.006276  -0.517267   0.065677
     14      -0.104886   0.337861   0.463607   0.000000   0.000000   0.000000
                 12         13         14         15         16         17    
      0       0.000000   0.000000   0.000000   0.000000   0.000000   0.000000
      1       0.000000   0.000000   0.000000   0.000000   0.000000   0.000000
      2       0.000000   0.000000   0.000000   0.000000   0.000000   0.000000
      3      -0.366836  -0.788756   0.493249   0.000000   0.000000   0.000000
      4       0.000000   0.000000   0.000000  -0.481160   0.817525   0.316447
      5      -0.443321   0.098458  -0.172260   0.000000   0.000000   0.000000
      6       0.000000   0.000000   0.000000   0.000000   0.000000   0.000000
      7       0.000000   0.000000   0.000000  -0.416149  -0.181237  -0.164540
      8       0.000000   0.000000   0.000000   0.174133  -0.069716   0.444879
      9       0.304555  -0.292054  -0.240524   0.262782   0.271130  -0.300889
     10       0.154218   0.190498   0.419319   0.000000   0.000000   0.000000
     11       0.000000   0.000000   0.000000   0.000000   0.000000   0.000000
     12       0.000000   0.000000   0.000000   0.083418   0.227950  -0.462060
     13       0.000000   0.000000   0.000000   0.000000   0.000000   0.000000
     14      -0.091293   0.294726   0.403403   0.000000   0.000000   0.000000

