
$orca_opt_file

$trust
    0.300000000000

$epredict
    0.000000000000

$ediffsc
  1000.000000000000

$ctyp
  3

$coordinates
 1 18
   5.69054742  -2.23157192   1.13098597   8.30472842  -2.13170557   1.65220268
   9.01814350  -0.71624778   0.77949880   5.30339167  -2.49248263  -0.88694296
   4.93189419  -3.85229554   2.14920632   4.69256227  -0.54066010   1.79041536


$constraints
 1
   1.88351115


# redundant internal coordinates
#  nbonds nangles ndihedrals nimpropers ncartesians
# bond  definitions A B
# angle definitions A B C
# dihedral definitions A B C D
# improper torsion definitions A B C D
# cartesian definitions A x/y/z
$redundant_internals
 5 7 3 0 0
   1   0   0
   2   1   0
   3   0   0
   4   0   0
   5   0   0
   1   0   4   0   0
   1   0   3   0   0
   1   0   5   0   0
   3   0   5   0   0
   4   0   5   0  -1
   3   0   4   0   0
   0   1   2   0   0
   2   1   0   5   0
   2   1   0   3   0
   2   1   0   4   0
$energies
 1
 -115.7380491595583152

$gradients
 1 18
   0.0001751343363735   0.0000247383783733  -0.0003297394023987   0.0001784969676042
  -0.0000162692706925  -0.0000196871396979   0.0000206438858258   0.0000049183105557
  -0.0000072610726903   0.0000636081392927  -0.0000016764506179  -0.0000759276569848
  -0.0002300019874963   0.0002833208811670   0.0001893922776627  -0.0002078813390309
  -0.0002950318492708   0.0002432229945752

$redundant_coords
 1 15
   2.6675049028249234   1.8094457365995493   2.0712317971756806   2.0589007866124698
   2.0712325541927736   1.8691508729261126   1.9587191307408331   1.9599732569745769
   1.8996477271253878   1.8835111454185247   1.8899709478461213   1.8980436628938084
  -1.0746655784982151   1.0721048645581432  -3.1392826206938693

$redundant_gradients
 1 15
   0.0001897897551928   0.0000149468551864   0.0000625312204447  -0.0000447486798816
  -0.0000632963815263  -0.0000047802776321  -0.0001242220227445   0.0000558347364040
   0.0000350459660650  -0.0000000000000000   0.0000417106371718   0.0000278628756335
   0.0000076143187109   0.0000021573934861  -0.0000211947017457

$hessian_approx
 18 18
                  0          1          2          3          4          5    
      0     508.798599 -18.952050 -485.183038  -0.498678  -0.015027  -0.058525
      1     -18.952050   1.537769  18.094888   0.037730  -0.154516   0.034793
      2     -485.183038  18.094888 464.548132  -0.110025   0.024093  -0.177418
      3      -0.498678   0.037730  -0.110025   0.660277   0.102311   0.050915
      4      -0.015027  -0.154516   0.024093   0.102311   0.470625  -0.242701
      5      -0.058525   0.034793  -0.177418   0.050915  -0.242701   0.296282
      6      -0.005453  -0.055083   0.037902  -0.165941  -0.082118   0.028397
      7       0.000885   0.015345  -0.007380  -0.138091  -0.349391   0.204505
      8      -0.003022  -0.020140   0.019014   0.069321   0.217240  -0.169814
      9      -0.158728  -0.001357  -0.047905   0.011982  -0.007358  -0.058685
     10      -0.001651  -0.141521  -0.032081  -0.001562   0.006268   0.006631
     11      -0.036903  -0.026978  -0.338848  -0.002097   0.000601   0.010402
     12     -272.730517  10.102704 260.503324  -0.003171  -0.044911   0.024510
     13     262.898424 -10.088089 -251.209042   0.000004   0.007751  -0.001505
     14     215.524536  -7.955950 -206.120455  -0.002357  -0.021125   0.015867
     15     -235.405225   8.868057 224.799742  -0.004469   0.047103   0.013388
     16     -243.930581   8.831011 233.129522  -0.000392   0.019263  -0.001724
     17     269.756952 -10.126614 -257.930425  -0.005757   0.021892   0.024682
                  6          7          8          9         10         11    
      0      -0.005453   0.000885  -0.003022  -0.158728  -0.001651  -0.036903
      1      -0.055083   0.015345  -0.020140  -0.001357  -0.141521  -0.026978
      2       0.037902  -0.007380   0.019014  -0.047905  -0.032081  -0.338848
      3      -0.165941  -0.138091   0.069321   0.011982  -0.001562  -0.002097
      4      -0.082118  -0.349391   0.217240  -0.007358   0.006268   0.000601
      5       0.028397   0.204505  -0.169814  -0.058685   0.006631   0.010402
      6       0.171390   0.137218  -0.066283  -0.000015   0.001154  -0.000146
      7       0.137218   0.333991  -0.197176   0.000048  -0.003712   0.000471
      8      -0.066283  -0.197176   0.150732   0.000066  -0.005077   0.000644
      9      -0.000015   0.000048   0.000066   0.124308   0.002219   0.043433
     10       0.001154  -0.003712  -0.005077   0.002219   0.107722   0.031183
     11      -0.000146   0.000471   0.000644   0.043433   0.031183   0.339822
     12       0.000204  -0.000657  -0.000899   0.009073   0.019370  -0.004245
     13      -0.000660   0.002123   0.002904   0.012661   0.022759  -0.005372
     14      -0.000898   0.002890   0.003953   0.026912   0.050658  -0.011713
     15      -0.000186   0.000597   0.000817   0.013380  -0.019531  -0.000042
     16      -0.000511   0.001644   0.002248  -0.006212   0.008484   0.000095
     17       0.001029  -0.003310  -0.004528   0.036179  -0.051313  -0.000307
                 12         13         14         15         16         17    
      0     -272.730517 262.898424 215.524536 -235.405225 -243.930581 269.756952
      1      10.102704 -10.088089  -7.955950   8.868057   8.831011 -10.126614
      2     260.503324 -251.209042 -206.120455 224.799742 233.129522 -257.930425
      3      -0.003171   0.000004  -0.002357  -0.004469  -0.000392  -0.005757
      4      -0.044911   0.007751  -0.021125   0.047103   0.019263   0.021892
      5       0.024510  -0.001505   0.015867   0.013388  -0.001724   0.024682
      6       0.000204  -0.000660  -0.000898  -0.000186  -0.000511   0.001029
      7      -0.000657   0.002123   0.002890   0.000597   0.001644  -0.003310
      8      -0.000899   0.002904   0.003953   0.000817   0.002248  -0.004528
      9       0.009073   0.012661   0.026912   0.013380  -0.006212   0.036179
     10       0.019370   0.022759   0.050658  -0.019531   0.008484  -0.051313
     11      -0.004245  -0.005372  -0.011713  -0.000042   0.000095  -0.000307
     12     146.449139 -141.079018 -115.711353 126.275272 131.002513 -144.811337
     13     -141.079018 136.447747 111.497858 -121.831410 -126.392290 139.715156
     14     -115.711353 111.497858  91.620368 -99.836839 -103.574330 114.491981
     15     126.275272 -121.831410 -99.836839 109.121227 112.935184 -124.977066
     16     131.002513 -126.392290 -103.574330 112.935184 117.531889 -129.555810
     17     -144.811337 139.715156 114.491981 -124.977066 -129.555810 143.418597

$bmatrix
 15 18
                  0          1          2          3          4          5    
      0      -0.980010  -0.037438  -0.195395   0.980010   0.037438   0.195395
      1       0.000000   0.000000   0.000000  -0.394273  -0.782260   0.482305
      2       0.186921   0.125969   0.974265   0.000000   0.000000   0.000000
      3       0.368475   0.787179  -0.494546   0.000000   0.000000   0.000000
      4       0.481832  -0.816380  -0.318375   0.000000   0.000000   0.000000
      5       0.411414  -0.402978   0.389651   0.031535   0.304423  -0.216492
      6       0.548682  -0.050605  -0.454920  -0.074428   0.045279   0.364619
      7       0.371428   0.517712   0.324038   0.044566  -0.336537  -0.159039
      8      -0.451337   0.465954  -0.442656   0.000000   0.000000   0.000000
      9      -0.566000   0.021120   0.540815   0.000000   0.000000   0.000000
     10      -0.371948  -0.611155  -0.322966   0.000000   0.000000   0.000000
     11      -0.031379  -0.304926   0.215805  -0.466617   0.429829  -0.420324
     12      -0.130737  -0.222689   0.698385   0.152828  -0.345186  -0.700377
     13      -0.031613   0.743202   0.016157   0.130266  -0.564632  -0.545169
     14       0.089432  -0.289207  -0.393136   0.107518  -0.345531  -0.473054
                  6          7          8          9         10         11    
      0       0.000000   0.000000   0.000000   0.000000   0.000000   0.000000
      1       0.394273   0.782260  -0.482305   0.000000   0.000000   0.000000
      2       0.000000   0.000000   0.000000  -0.186921  -0.125969  -0.974265
      3       0.000000   0.000000   0.000000   0.000000   0.000000   0.000000
      4       0.000000   0.000000   0.000000   0.000000   0.000000   0.000000
      5       0.000000   0.000000   0.000000   0.000000   0.000000   0.000000
      6       0.000000   0.000000   0.000000  -0.474255   0.005326   0.090301
      7       0.000000   0.000000   0.000000   0.000000   0.000000   0.000000
      8       0.000000   0.000000   0.000000   0.276598  -0.395715  -0.001903
      9       0.000000   0.000000   0.000000   0.000000   0.000000   0.000000
     10       0.000000   0.000000   0.000000   0.217188   0.420368  -0.096021
     11       0.497996  -0.124902   0.204518   0.000000   0.000000   0.000000
     12      -0.105336   0.338802   0.463400   0.000000   0.000000   0.000000
     13      -0.105336   0.338802   0.463400   0.006683  -0.517371   0.065612
     14      -0.105336   0.338802   0.463400   0.000000   0.000000   0.000000
                 12         13         14         15         16         17    
      0       0.000000   0.000000   0.000000   0.000000   0.000000   0.000000
      1       0.000000   0.000000   0.000000   0.000000   0.000000   0.000000
      2       0.000000   0.000000   0.000000   0.000000   0.000000   0.000000
      3      -0.368475  -0.787179   0.494546   0.000000   0.000000   0.000000
      4       0.000000   0.000000   0.000000  -0.481832   0.816380   0.318375
      5      -0.442949   0.098556  -0.173158   0.000000   0.000000   0.000000
      6       0.000000   0.000000   0.000000   0.000000   0.000000   0.000000
      7       0.000000   0.000000   0.000000  -0.415994  -0.181175  -0.164999
      8       0.000000   0.000000   0.000000   0.174739  -0.070239   0.444559
      9       0.303816  -0.293106  -0.240177   0.262184   0.271986  -0.300638
     10       0.154759   0.190787   0.418988   0.000000   0.000000   0.000000
     11       0.000000   0.000000   0.000000   0.000000   0.000000   0.000000
     12       0.000000   0.000000   0.000000   0.083245   0.229074  -0.461408
     13       0.000000   0.000000   0.000000   0.000000   0.000000   0.000000
     14      -0.091614   0.295937   0.402790   0.000000   0.000000   0.000000

