
$orca_opt_file

$trust
    0.300000000000

$epredict
    0.000000000000

$ediffsc
  1000.000000000000

$ctyp
  3

$coordinates
 1 18
   5.69110300  -2.23155114   1.13109558   8.30417284  -2.13172635   1.65209118
   9.01758792  -0.71626857   0.77938731   5.30394725  -2.49246184  -0.88683147
   4.93582482  -3.85552130   2.14664763   4.69606582  -0.53758929   1.78714802


$constraints
 1
   2.66637120


# redundant internal coordinates
#  nbonds nangles ndihedrals nimpropers ncartesians
# bond  definitions A B
# angle definitions A B C
# dihedral definitions A B C D
# improper torsion definitions A B C D
# cartesian definitions A x/y/z
$redundant_internals
 5 7 3 0 0
   1   0  -1
   2   1   0
   3   0   0
   4   0   0
   5   0   0
   1   0   4   0   0
   1   0   3   0   0
   1   0   5   0   0
   3   0   5   0   0
   4   0   5   0   0
   3   0   4   0   0
   0   1   2   0   0
   2   1   0   5   0
   2   1   0   3   0
   2   1   0   4   0
$energies
 1
 -115.7380511303450277

$gradients
 1 18
   0.0002182447080454   0.0000630024619639   0.0000028026709435  -0.0003569010367000
  -0.0000763068222137  -0.0000268313312269  -0.0000266219309238   0.0000192987356300
  -0.0000217849469870   0.0000429113505249   0.0000083353316596   0.0000134072390618
   0.0000746055792756  -0.0000117565773715   0.0000206237406409   0.0000477613295992
  -0.0000025731282272   0.0000117826273545

$redundant_coords
 1 15
   2.6663711982766367   1.8094457365995487   2.0712299560814298   2.0589002431599805
   2.0712340619839393   1.8677973676890933   1.9587195034831715   1.9587500583862718
   1.8984464472755977   1.8887467024939812   1.8887548183584855   1.8980438334201253
  -1.0721647117287325   1.0721047545849900   3.1415589096127818

$redundant_gradients
 1 15
  -0.0000000000000000   0.0000145428584335  -0.0000218925369457  -0.0000080676362626
  -0.0000213477320248  -0.0000979104298918  -0.0000316600320029  -0.0000321128094176
   0.0000489158562206   0.0000589554756010   0.0000586352675365  -0.0000647644539666
  -0.0000089814140686   0.0000075036183256  -0.0000008033250077

$hessian_approx
 18 18
                  0          1          2          3          4          5    
      0     960.960352  36.668287 191.442861 -960.418048 -36.685516 -191.465215
      1      36.668287   2.233751   7.297211 -36.633415  -1.555834  -7.276037
      2     191.442861   7.297211  38.996088 -191.503309  -7.287881 -38.320613
      3     -960.418048 -36.633415 -191.503309 960.582978  36.773313 191.440978
      4     -36.685516  -1.555834  -7.287881  36.773313   1.871962   7.068793
      5     -191.465215  -7.276037 -38.320613 191.440978   7.068793  38.455796
      6      -0.005456  -0.055137   0.037929  -0.165974  -0.082050   0.028370
      7       0.000883   0.015390  -0.007378  -0.138070  -0.349454   0.204459
      8      -0.003028  -0.020112   0.019040   0.069327   0.217193  -0.169911
      9      -0.159562  -0.001234  -0.046512   0.011991  -0.007364  -0.058732
     10      -0.000656  -0.141862  -0.032953  -0.001568   0.006297   0.006659
     11      -0.036872  -0.026958  -0.339004  -0.002098   0.000599   0.010407
     12      -0.177445  -0.068433   0.040764  -0.004946  -0.045355   0.033498
     13      -0.062475  -0.275272   0.087120   0.001725   0.008030  -0.010188
     14       0.036408   0.085764  -0.191102  -0.000921  -0.020890   0.008621
     15      -0.199842   0.089931   0.028266  -0.006002   0.046972   0.021101
     16       0.079477  -0.276173  -0.056120  -0.001985   0.018999   0.006314
     17       0.025846  -0.059869  -0.164410  -0.003978   0.022187   0.015700
                  6          7          8          9         10         11    
      0      -0.005456   0.000883  -0.003028  -0.159562  -0.000656  -0.036872
      1      -0.055137   0.015390  -0.020112  -0.001234  -0.141862  -0.026958
      2       0.037929  -0.007378   0.019040  -0.046512  -0.032953  -0.339004
      3      -0.165974  -0.138070   0.069327   0.011991  -0.001568  -0.002098
      4      -0.082050  -0.349454   0.217193  -0.007364   0.006297   0.000599
      5       0.028370   0.204459  -0.169911  -0.058732   0.006659   0.010407
      6       0.171426   0.137199  -0.066283  -0.000015   0.001159  -0.000147
      7       0.137199   0.334026  -0.197133   0.000048  -0.003729   0.000473
      8      -0.066283  -0.197133   0.150800   0.000066  -0.005100   0.000647
      9      -0.000015   0.000048   0.000066   0.124056   0.002184   0.043487
     10       0.001159  -0.003729  -0.005100   0.002184   0.108036   0.031149
     11      -0.000147   0.000473   0.000647   0.043487   0.031149   0.339817
     12       0.000205  -0.000661  -0.000904   0.009664   0.018819  -0.004287
     13      -0.000661   0.002125   0.002907   0.011938   0.023246  -0.005296
     14      -0.000904   0.002907   0.003976   0.026277   0.051169  -0.011657
     15      -0.000187   0.000601   0.000822   0.013865  -0.019937  -0.000082
     16      -0.000510   0.001642   0.002246  -0.005571   0.008011   0.000033
     17       0.001035  -0.003328  -0.004552   0.035414  -0.050925  -0.000210
                 12         13         14         15         16         17    
      0      -0.177445  -0.062475   0.036408  -0.199842   0.079477   0.025846
      1      -0.068433  -0.275272   0.085764   0.089931  -0.276173  -0.059869
      2       0.040764   0.087120  -0.191102   0.028266  -0.056120  -0.164410
      3      -0.004946   0.001725  -0.000921  -0.006002  -0.001985  -0.003978
      4      -0.045355   0.008030  -0.020890   0.046972   0.018999   0.022187
      5       0.033498  -0.010188   0.008621   0.021101   0.006314   0.015700
      6       0.000205  -0.000661  -0.000904  -0.000187  -0.000510   0.001035
      7      -0.000661   0.002125   0.002907   0.000601   0.001642  -0.003328
      8      -0.000904   0.002907   0.003976   0.000822   0.002246  -0.004552
      9       0.009664   0.011938   0.026277   0.013865  -0.005571   0.035414
     10       0.018819   0.023246   0.051169  -0.019937   0.008011  -0.050925
     11      -0.004287  -0.005296  -0.011657  -0.000082   0.000033  -0.000210
     12       0.149340   0.071728  -0.042514   0.023182   0.023902  -0.026556
     13       0.071728   0.264815  -0.100035  -0.022254  -0.022945   0.025493
     14      -0.042514  -0.100035   0.169147  -0.018346  -0.018916   0.021016
     15       0.023182  -0.022254  -0.018346   0.168984  -0.095312  -0.031761
     16       0.023902  -0.022945  -0.018916  -0.095312   0.270466   0.066442
     17      -0.026556   0.025493   0.021016  -0.031761   0.066442   0.132456

$bmatrix
 15 18
                  0          1          2          3          4          5    
      0      -0.980010  -0.037438  -0.195395   0.980010   0.037438   0.195395
      1       0.000000   0.000000   0.000000  -0.394273  -0.782260   0.482305
      2       0.186921   0.125969   0.974265   0.000000   0.000000   0.000000
      3       0.366836   0.788756  -0.493250   0.000000   0.000000   0.000000
      4       0.480408  -0.817851  -0.316745   0.000000   0.000000   0.000000
      5       0.411861  -0.403295   0.388456   0.031390   0.305063  -0.215887
      6       0.548714  -0.050624  -0.455075  -0.074459   0.045298   0.364774
      7       0.371916   0.517984   0.322683   0.044435  -0.337091  -0.158277
      8      -0.449805   0.466356  -0.443193   0.000000   0.000000   0.000000
      9      -0.567075   0.021151   0.541845   0.000000   0.000000   0.000000
     10      -0.370376  -0.611425  -0.323423   0.000000   0.000000   0.000000
     11      -0.031392  -0.305056   0.215897  -0.466604   0.429958  -0.420416
     12      -0.130831  -0.220820   0.698495   0.152809  -0.345768  -0.700166
     13      -0.031624   0.743298   0.016192   0.130277  -0.564728  -0.545204
     14       0.089415  -0.287572  -0.393366   0.107596  -0.346076  -0.473344
                  6          7          8          9         10         11    
      0       0.000000   0.000000   0.000000   0.000000   0.000000   0.000000
      1       0.394273   0.782260  -0.482305   0.000000   0.000000   0.000000
      2       0.000000   0.000000   0.000000  -0.186921  -0.125969  -0.974265
      3       0.000000   0.000000   0.000000   0.000000   0.000000   0.000000
      4       0.000000   0.000000   0.000000   0.000000   0.000000   0.000000
      5       0.000000   0.000000   0.000000   0.000000   0.000000   0.000000
      6       0.000000   0.000000   0.000000  -0.474255   0.005326   0.090301
      7       0.000000   0.000000   0.000000   0.000000   0.000000   0.000000
      8       0.000000   0.000000   0.000000   0.275651  -0.396377  -0.001636
      9       0.000000   0.000000   0.000000   0.000000   0.000000   0.000000
     10       0.000000   0.000000   0.000000   0.216158   0.420928  -0.095896
     11       0.497996  -0.124902   0.204518   0.000000   0.000000   0.000000
     12      -0.105336   0.338802   0.463400   0.000000   0.000000   0.000000
     13      -0.105336   0.338802   0.463400   0.006683  -0.517372   0.065612
     14      -0.105336   0.338802   0.463400   0.000000   0.000000   0.000000
                 12         13         14         15         16         17    
      0       0.000000   0.000000   0.000000   0.000000   0.000000   0.000000
      1       0.000000   0.000000   0.000000   0.000000   0.000000   0.000000
      2       0.000000   0.000000   0.000000   0.000000   0.000000   0.000000
      3      -0.366836  -0.788756   0.493250   0.000000   0.000000   0.000000
      4       0.000000   0.000000   0.000000  -0.480408   0.817851   0.316745
      5      -0.443251   0.098231  -0.172569   0.000000   0.000000   0.000000
      6       0.000000   0.000000   0.000000   0.000000   0.000000   0.000000
      7       0.000000   0.000000   0.000000  -0.416351  -0.180893  -0.164406
      8       0.000000   0.000000   0.000000   0.174154  -0.069979   0.444829
      9       0.304283  -0.292105  -0.240806   0.262791   0.270953  -0.301039
     10       0.154218   0.190498   0.419319   0.000000   0.000000   0.000000
     11       0.000000   0.000000   0.000000   0.000000   0.000000   0.000000
     12       0.000000   0.000000   0.000000   0.083358   0.227787  -0.461729
     13       0.000000   0.000000   0.000000   0.000000   0.000000   0.000000
     14      -0.091676   0.294847   0.403309   0.000000   0.000000   0.000000

