
$orca_opt_file

$trust
    0.300000000000

$epredict
    0.000000000000

$ediffsc
  1000.000000000000

$ctyp
  3

$coordinates
 1 18
   5.69054742  -2.23157192   1.13098597   8.30472842  -2.13170557   1.65220268
   9.01814350  -0.71624778   0.77949880   5.30339167  -2.49248263  -0.88694296
   4.93526924  -3.85554209   2.14653614   4.69551024  -0.53761008   1.78703653


$constraints
 1
   1.88874773


# redundant internal coordinates
#  nbonds nangles ndihedrals nimpropers ncartesians
# bond  definitions A B
# angle definitions A B C
# dihedral definitions A B C D
# improper torsion definitions A B C D
# cartesian definitions A x/y/z
$redundant_internals
 5 7 3 0 0
   1   0   0
   2   1   0
   3   0   0
   4   0   0
   5   0   0
   1   0   4   0   0
   1   0   3   0   0
   1   0   5   0   0
   3   0   5   0   0
   4   0   5   0  -1
   3   0   4   0   0
   0   1   2   0   0
   2   1   0   5   0
   2   1   0   3   0
   2   1   0   4   0
$energies
 1
 -115.7380513529664086

$gradients
 1 18
  -0.0000955943450320   0.0000321692478290  -0.0000449330151925   0.0000329736956320
  -0.0000331863568707   0.0000301421473385   0.0000004037202993   0.0000104627196162
  -0.0000091831289736   0.0000094366517651   0.0000046902978699   0.0000001676215897
   0.0000405471218490  -0.0000149601027610   0.0000151270597663   0.0000122331577018
   0.0000008241939724   0.0000086793161559

$redundant_coords
 1 15
   2.6675049028249234   1.8094457365995493   2.0712317971756806   2.0588993110536737
   2.0712334634239493   1.8677975232596420   1.9587191307408331   1.9587507342851422
   1.8984456097612195   1.8887477264321324   1.8887542071778063   1.8980436628938084
  -1.0721637276247029   1.0721048645581432   3.1415581582578662

$redundant_gradients
 1 15
   0.0000362882473236   0.0000122056092420  -0.0000022748704951   0.0000042410160511
  -0.0000024856251650  -0.0000549090661074   0.0000003676270385   0.0000062967335365
   0.0000190650069745  -0.0000000000000000   0.0000290688953710  -0.0000086426183443
  -0.0000211511319449   0.0000089266654841   0.0000099558227212

$hessian_approx
 18 18
                  0          1          2          3          4          5    
      0     510.680022 -19.014457 -486.983054  -0.498699  -0.015013  -0.058419
      1     -19.014457   1.541799  18.154095   0.037734  -0.154712   0.034808
      2     -486.983054  18.154095 466.268558  -0.110106   0.024139  -0.177022
      3      -0.498699   0.037734  -0.110106   0.660269   0.102308   0.050955
      4      -0.015013  -0.154712   0.024139   0.102308   0.470841  -0.242725
      5      -0.058419   0.034808  -0.177022   0.050955  -0.242725   0.296087
      6      -0.005452  -0.055091   0.037902  -0.165941  -0.082115   0.028397
      7       0.000885   0.015370  -0.007382  -0.138090  -0.349399   0.204505
      8      -0.003023  -0.020105   0.019012   0.069321   0.217229  -0.169814
      9      -0.158270  -0.001288  -0.047762   0.011982  -0.007358  -0.058685
     10      -0.001610  -0.141788  -0.032042  -0.001562   0.006268   0.006631
     11      -0.036996  -0.026957  -0.338880  -0.002097   0.000601   0.010402
     12     -273.642080  10.132835 261.375220  -0.003155  -0.045020   0.024451
     13     262.472397 -10.068843 -250.802341   0.000006   0.007742  -0.001513
     14     216.477641  -7.988353 -207.031487  -0.002337  -0.021102   0.015765
     15     -236.375521   8.900266 225.727800  -0.004455   0.047198   0.013302
     16     -243.442202   8.808173 232.663530  -0.000395   0.019259  -0.001707
     17     270.603851 -10.153488 -258.740181  -0.005736   0.021857   0.024582
                  6          7          8          9         10         11    
      0      -0.005452   0.000885  -0.003023  -0.158270  -0.001610  -0.036996
      1      -0.055091   0.015370  -0.020105  -0.001288  -0.141788  -0.026957
      2       0.037902  -0.007382   0.019012  -0.047762  -0.032042  -0.338880
      3      -0.165941  -0.138090   0.069321   0.011982  -0.001562  -0.002097
      4      -0.082115  -0.349399   0.217229  -0.007358   0.006268   0.000601
      5       0.028397   0.204505  -0.169814  -0.058685   0.006631   0.010402
      6       0.171390   0.137218  -0.066283  -0.000015   0.001154  -0.000146
      7       0.137218   0.333991  -0.197176   0.000048  -0.003712   0.000471
      8      -0.066283  -0.197176   0.150732   0.000066  -0.005077   0.000644
      9      -0.000015   0.000048   0.000066   0.124028   0.002184   0.043492
     10       0.001154  -0.003712  -0.005077   0.002184   0.108010   0.031152
     11      -0.000146   0.000471   0.000644   0.043492   0.031152   0.339815
     12       0.000204  -0.000658  -0.000900   0.008991   0.019330  -0.004224
     13      -0.000658   0.002115   0.002893   0.012584   0.022756  -0.005357
     14      -0.000900   0.002894   0.003958   0.026809   0.050765  -0.011707
     15      -0.000186   0.000598   0.000818   0.013284  -0.019496  -0.000028
     16      -0.000508   0.001634   0.002235  -0.006170   0.008466   0.000089
     17       0.001030  -0.003313  -0.004531   0.036080  -0.051430  -0.000273
                 12         13         14         15         16         17    
      0     -273.642080 262.472397 216.477641 -236.375521 -243.442202 270.603851
      1      10.132835 -10.068843  -7.988353   8.900266   8.808173 -10.153488
      2     261.375220 -250.802341 -207.031487 225.727800 232.663530 -258.740181
      3      -0.003155   0.000006  -0.002337  -0.004455  -0.000395  -0.005736
      4      -0.045020   0.007742  -0.021102   0.047198   0.019259   0.021857
      5       0.024451  -0.001513   0.015765   0.013302  -0.001707   0.024582
      6       0.000204  -0.000658  -0.000900  -0.000186  -0.000508   0.001030
      7      -0.000658   0.002115   0.002894   0.000598   0.001634  -0.003313
      8      -0.000900   0.002893   0.003958   0.000818   0.002235  -0.004531
      9       0.008991   0.012584   0.026809   0.013284  -0.006170   0.036080
     10       0.019330   0.022756   0.050765  -0.019496   0.008466  -0.051430
     11      -0.004224  -0.005357  -0.011707  -0.000028   0.000089  -0.000273
     12     146.885367 -140.799602 -116.180862 126.750672 130.693115 -145.213685
     13     -140.799602 135.505828 111.396503 -121.684727 -125.469599 139.409813
     14     -116.180862 111.396503  92.090055 -100.320352 -103.440708 114.933417
     15     126.750672 -121.684727 -100.320352 109.616207 112.756161 -125.421540
     16     130.693115 -125.469599 -103.440708 112.756161 116.632067 -129.223440
     17     -145.213685 139.409813 114.933417 -125.421540 -129.223440 143.786986

$bmatrix
 15 18
                  0          1          2          3          4          5    
      0      -0.980010  -0.037438  -0.195395   0.980010   0.037438   0.195395
      1       0.000000   0.000000   0.000000  -0.394273  -0.782260   0.482305
      2       0.186921   0.125969   0.974265   0.000000   0.000000   0.000000
      3       0.366836   0.788756  -0.493249   0.000000   0.000000   0.000000
      4       0.480408  -0.817852  -0.316744   0.000000   0.000000   0.000000
      5       0.411875  -0.403166   0.388364   0.031376   0.304934  -0.215795
      6       0.548682  -0.050605  -0.454920  -0.074428   0.045279   0.364619
      7       0.371935   0.517841   0.322615   0.044416  -0.336948  -0.158209
      8      -0.449804   0.466355  -0.443194   0.000000   0.000000   0.000000
      9      -0.567076   0.021151   0.541845   0.000000   0.000000   0.000000
     10      -0.370376  -0.611425  -0.323423   0.000000   0.000000   0.000000
     11      -0.031379  -0.304926   0.215805  -0.466617   0.429829  -0.420324
     12      -0.130811  -0.220823   0.698395   0.152788  -0.345765  -0.700066
     13      -0.031613   0.743202   0.016157   0.130266  -0.564632  -0.545169
     14       0.089416  -0.287575  -0.393371   0.107595  -0.346073  -0.473339
                  6          7          8          9         10         11    
      0       0.000000   0.000000   0.000000   0.000000   0.000000   0.000000
      1       0.394273   0.782260  -0.482305   0.000000   0.000000   0.000000
      2       0.000000   0.000000   0.000000  -0.186921  -0.125969  -0.974265
      3       0.000000   0.000000   0.000000   0.000000   0.000000   0.000000
      4       0.000000   0.000000   0.000000   0.000000   0.000000   0.000000
      5       0.000000   0.000000   0.000000   0.000000   0.000000   0.000000
      6       0.000000   0.000000   0.000000  -0.474255   0.005326   0.090301
      7       0.000000   0.000000   0.000000   0.000000   0.000000   0.000000
      8       0.000000   0.000000   0.000000   0.275650  -0.396377  -0.001636
      9       0.000000   0.000000   0.000000   0.000000   0.000000   0.000000
     10       0.000000   0.000000   0.000000   0.216158   0.420927  -0.095896
     11       0.497996  -0.124902   0.204518   0.000000   0.000000   0.000000
     12      -0.105336   0.338802   0.463400   0.000000   0.000000   0.000000
     13      -0.105336   0.338802   0.463400   0.006683  -0.517371   0.065612
     14      -0.105336   0.338802   0.463400   0.000000   0.000000   0.000000
                 12         13         14         15         16         17    
      0       0.000000   0.000000   0.000000   0.000000   0.000000   0.000000
      1       0.000000   0.000000   0.000000   0.000000   0.000000   0.000000
      2       0.000000   0.000000   0.000000   0.000000   0.000000   0.000000
      3      -0.366836  -0.788756   0.493249   0.000000   0.000000   0.000000
      4       0.000000   0.000000   0.000000  -0.480408   0.817852   0.316744
      5      -0.443251   0.098232  -0.172569   0.000000   0.000000   0.000000
      6       0.000000   0.000000   0.000000   0.000000   0.000000   0.000000
      7       0.000000   0.000000   0.000000  -0.416351  -0.180893  -0.164406
      8       0.000000   0.000000   0.000000   0.174154  -0.069978   0.444829
      9       0.304284  -0.292105  -0.240806   0.262792   0.270953  -0.301039
     10       0.154218   0.190498   0.419319   0.000000   0.000000   0.000000
     11       0.000000   0.000000   0.000000   0.000000   0.000000   0.000000
     12       0.000000   0.000000   0.000000   0.083358   0.227787  -0.461729
     13       0.000000   0.000000   0.000000   0.000000   0.000000   0.000000
     14      -0.091676   0.294846   0.403310   0.000000   0.000000   0.000000

