
$orca_opt_file

$trust
    0.300000000000

$epredict
    0.000000000000

$ediffsc
  1000.000000000000

$ctyp
  3

$coordinates
 1 18
   5.69024885  -2.23216341   1.13135069   8.30442984  -2.13229705   1.65256550
   9.01844207  -0.71565629   0.77913409   5.30309499  -2.49307411  -0.88657824
   4.93497067  -3.85613357   2.14690085   4.69521166  -0.53820156   1.78740124


$constraints
 1
   1.81095747


# redundant internal coordinates
#  nbonds nangles ndihedrals nimpropers ncartesians
# bond  definitions A B
# angle definitions A B C
# dihedral definitions A B C D
# improper torsion definitions A B C D
# cartesian definitions A x/y/z
$redundant_internals
 5 7 3 0 0
   1   0   0
   2   1  -1
   3   0   0
   4   0   0
   5   0   0
   1   0   4   0   0
   1   0   3   0   0
   1   0   5   0   0
   3   0   5   0   0
   4   0   5   0   0
   3   0   4   0   0
   0   1   2   0   0
   2   1   0   5   0
   2   1   0   3   0
   2   1   0   4   0
$energies
 1
 -115.7380507043972386

$gradients
 1 18
  -0.0000961341744654   0.0000138996210382  -0.0000316172449844  -0.0003079118950981
  -0.0006627289160187   0.0004127773842855   0.0003395438801700   0.0006534306025180
  -0.0004021843417463   0.0000126801297882   0.0000052466021649  -0.0000001136358890
   0.0000367409965610  -0.0000118180194280   0.0000119814581532   0.0000150810652612
   0.0000019701088607   0.0000091563804156

$redundant_coords
 1 15
   2.6675045335828260   1.8109574654375804   2.0712314439478958   2.0588993110536733
   2.0712334634239498   1.8677979310531898   1.9587175454990693   1.9587510332570590
   1.8984461306645481   1.8887477264321320   1.8887546156575101   1.8980448983690046
  -1.0721625353582456   1.0721057767403912   3.1415589220723645

$redundant_gradients
 1 15
   0.0000330574907460  -0.0000000000000000  -0.0000026763686715   0.0000016063007573
  -0.0000027647434917  -0.0000540253198177  -0.0000078826792769  -0.0000077888085225
   0.0000187256330089   0.0000265089947153   0.0000261658598875   0.0000182482507286
  -0.0000071157536541   0.0000057547077439  -0.0000009158111908

$hessian_approx
 18 18
                  0          1          2          3          4          5    
      0       1.037595  -0.002783   0.052867  -0.495378  -0.014446  -0.075229
      1      -0.002783   0.832572  -0.014256   0.037538  -0.154696   0.035395
      2       0.052867  -0.014256   0.836377  -0.113237   0.023578  -0.160932
      3      -0.495378   0.037538  -0.113237 156.029981 308.365104 -190.008857
      4      -0.014446  -0.154696   0.023578 308.365104 612.081386 -377.331876
      5      -0.075229   0.035395  -0.160932 -190.008857 -377.331876 232.790740
      6      -0.005445  -0.055017   0.037851 -155.535646 -308.344915 190.088213
      7       0.000883   0.015351  -0.007371 -308.400815 -611.959979 377.293695
      8      -0.003019  -0.020077   0.018988 190.129083 377.306402 -232.664499
      9      -0.159523  -0.001241  -0.046563   0.011982  -0.007358  -0.058685
     10      -0.000659  -0.141823  -0.032951  -0.001561   0.006265   0.006627
     11      -0.036879  -0.026961  -0.338993  -0.002097   0.000602   0.010402
     12      -0.177424  -0.068477   0.040796  -0.004941  -0.045323   0.033467
     13      -0.062483  -0.275255   0.087123   0.001720   0.008034  -0.010166
     14       0.036413   0.085759  -0.191073  -0.000924  -0.020860   0.008633
     15      -0.199824   0.089980   0.028287  -0.005998   0.046938   0.021090
     16       0.079487  -0.276148  -0.056124  -0.001987   0.018992   0.006325
     17       0.025847  -0.059860  -0.164367  -0.003968   0.022153   0.015657
                  6          7          8          9         10         11    
      0      -0.005445   0.000883  -0.003019  -0.159523  -0.000659  -0.036879
      1      -0.055017   0.015351  -0.020077  -0.001241  -0.141823  -0.026961
      2       0.037851  -0.007371   0.018988  -0.046563  -0.032951  -0.338993
      3     -155.535646 -308.400815 190.129083   0.011982  -0.001561  -0.002097
      4     -308.344915 -611.959979 377.306402  -0.007358   0.006265   0.000602
      5     190.088213 377.293695 -232.664499  -0.058685   0.006627   0.010402
      6     155.541087 308.399944 -190.126048  -0.000015   0.001153  -0.000146
      7     308.399944 611.944591 -377.286376   0.000048  -0.003709   0.000470
      8     -190.126048 -377.286376 232.645441   0.000066  -0.005073   0.000643
      9      -0.000015   0.000048   0.000066   0.124028   0.002184   0.043492
     10       0.001153  -0.003709  -0.005073   0.002184   0.108010   0.031152
     11      -0.000146   0.000470   0.000643   0.043492   0.031152   0.339815
     12       0.000204  -0.000657  -0.000899   0.009664   0.018819  -0.004287
     13      -0.000657   0.002114   0.002891   0.011938   0.023246  -0.005296
     14      -0.000899   0.002891   0.003954   0.026277   0.051169  -0.011657
     15      -0.000186   0.000598   0.000817   0.013865  -0.019937  -0.000082
     16      -0.000508   0.001633   0.002233  -0.005571   0.008011   0.000033
     17       0.001029  -0.003310  -0.004527   0.035414  -0.050925  -0.000210
                 12         13         14         15         16         17    
      0      -0.177424  -0.062483   0.036413  -0.199824   0.079487   0.025847
      1      -0.068477  -0.275255   0.085759   0.089980  -0.276148  -0.059860
      2       0.040796   0.087123  -0.191073   0.028287  -0.056124  -0.164367
      3      -0.004941   0.001720  -0.000924  -0.005998  -0.001987  -0.003968
      4      -0.045323   0.008034  -0.020860   0.046938   0.018992   0.022153
      5       0.033467  -0.010166   0.008633   0.021090   0.006325   0.015657
      6       0.000204  -0.000657  -0.000899  -0.000186  -0.000508   0.001029
      7      -0.000657   0.002114   0.002891   0.000598   0.001633  -0.003310
      8      -0.000899   0.002891   0.003954   0.000817   0.002233  -0.004527
      9       0.009664   0.011938   0.026277   0.013865  -0.005571   0.035414
     10       0.018819   0.023246   0.051169  -0.019937   0.008011  -0.050925
     11      -0.004287  -0.005296  -0.011657  -0.000082   0.000033  -0.000210
     12       0.149315   0.071736  -0.042521   0.023182   0.023902  -0.026556
     13       0.071736   0.264806  -0.100045  -0.022254  -0.022945   0.025493
     14      -0.042521  -0.100045   0.169127  -0.018346  -0.018916   0.021016
     15       0.023182  -0.022254  -0.018346   0.168962  -0.095323  -0.031766
     16       0.023902  -0.022945  -0.018916  -0.095323   0.270458   0.066448
     17      -0.026556   0.025493   0.021016  -0.031766   0.066448   0.132431

$bmatrix
 15 18
                  0          1          2          3          4          5    
      0      -0.980010  -0.037438  -0.195394   0.980010   0.037438   0.195394
      1       0.000000   0.000000   0.000000  -0.394273  -0.782261   0.482304
      2       0.186920   0.125969   0.974265   0.000000   0.000000   0.000000
      3       0.366836   0.788756  -0.493249   0.000000   0.000000   0.000000
      4       0.480408  -0.817852  -0.316744   0.000000   0.000000   0.000000
      5       0.411875  -0.403166   0.388364   0.031376   0.304934  -0.215795
      6       0.548682  -0.050605  -0.454920  -0.074427   0.045279   0.364619
      7       0.371935   0.517841   0.322615   0.044416  -0.336948  -0.158209
      8      -0.449804   0.466355  -0.443194   0.000000   0.000000   0.000000
      9      -0.567076   0.021151   0.541845   0.000000   0.000000   0.000000
     10      -0.370376  -0.611425  -0.323423   0.000000   0.000000   0.000000
     11      -0.031378  -0.304927   0.215805  -0.466201   0.429725  -0.420153
     12      -0.130810  -0.220823   0.698396   0.152700  -0.345482  -0.699680
     13      -0.031613   0.743201   0.016158   0.130178  -0.564348  -0.544783
     14       0.089416  -0.287575  -0.393370   0.107507  -0.345790  -0.472953
                  6          7          8          9         10         11    
      0       0.000000   0.000000   0.000000   0.000000   0.000000   0.000000
      1       0.394273   0.782261  -0.482304   0.000000   0.000000   0.000000
      2       0.000000   0.000000   0.000000  -0.186920  -0.125969  -0.974265
      3       0.000000   0.000000   0.000000   0.000000   0.000000   0.000000
      4       0.000000   0.000000   0.000000   0.000000   0.000000   0.000000
      5       0.000000   0.000000   0.000000   0.000000   0.000000   0.000000
      6       0.000000   0.000000   0.000000  -0.474255   0.005326   0.090301
      7       0.000000   0.000000   0.000000   0.000000   0.000000   0.000000
      8       0.000000   0.000000   0.000000   0.275650  -0.396377  -0.001635
      9       0.000000   0.000000   0.000000   0.000000   0.000000   0.000000
     10       0.000000   0.000000   0.000000   0.216158   0.420927  -0.095896
     11       0.497580  -0.124799   0.204347   0.000000   0.000000   0.000000
     12      -0.105248   0.338518   0.463014   0.000000   0.000000   0.000000
     13      -0.105248   0.338518   0.463014   0.006683  -0.517371   0.065612
     14      -0.105248   0.338518   0.463014   0.000000   0.000000   0.000000
                 12         13         14         15         16         17    
      0       0.000000   0.000000   0.000000   0.000000   0.000000   0.000000
      1       0.000000   0.000000   0.000000   0.000000   0.000000   0.000000
      2       0.000000   0.000000   0.000000   0.000000   0.000000   0.000000
      3      -0.366836  -0.788756   0.493249   0.000000   0.000000   0.000000
      4       0.000000   0.000000   0.000000  -0.480408   0.817852   0.316744
      5      -0.443251   0.098232  -0.172569   0.000000   0.000000   0.000000
      6       0.000000   0.000000   0.000000   0.000000   0.000000   0.000000
      7       0.000000   0.000000   0.000000  -0.416351  -0.180893  -0.164406
      8       0.000000   0.000000   0.000000   0.174154  -0.069979   0.444829
      9       0.304284  -0.292105  -0.240806   0.262792   0.270953  -0.301039
     10       0.154217   0.190498   0.419319   0.000000   0.000000   0.000000
     11       0.000000   0.000000   0.000000   0.000000   0.000000   0.000000
     12       0.000000   0.000000   0.000000   0.083358   0.227787  -0.461729
     13       0.000000   0.000000   0.000000   0.000000   0.000000   0.000000
     14      -0.091675   0.294846   0.403310   0.000000   0.000000   0.000000

