
$orca_opt_file

$trust
    0.300000000000

$epredict
    0.000000000000

$ediffsc
  1000.000000000000

$ctyp
  3

$coordinates
 1 18
   5.69091970  -2.23083304   1.13053055   8.30510069  -2.13096668   1.65174536
   9.01777122  -0.71698666   0.77995423   5.30376395  -2.49174375  -0.88739838
   4.93564152  -3.85480321   2.14608071   4.69588252  -0.53687119   1.78658110


$constraints
 1
   1.80755596


# redundant internal coordinates
#  nbonds nangles ndihedrals nimpropers ncartesians
# bond  definitions A B
# angle definitions A B C
# dihedral definitions A B C D
# improper torsion definitions A B C D
# cartesian definitions A x/y/z
$redundant_internals
 5 7 3 0 0
   1   0   0
   2   1  -1
   3   0   0
   4   0   0
   5   0   0
   1   0   4   0   0
   1   0   3   0   0
   1   0   5   0   0
   3   0   5   0   0
   4   0   5   0   0
   3   0   4   0   0
   0   1   2   0   0
   2   1   0   5   0
   2   1   0   3   0
   2   1   0   4   0
$energies
 1
 -115.7380504015158067

$gradients
 1 18
  -0.0000949932092151   0.0000548469356592  -0.0000612610715927   0.0004612923852687
   0.0007589397628526  -0.0004517291600787  -0.0004258798168945  -0.0007983121426424
   0.0004852426594101   0.0000057089791412   0.0000040119937758   0.0000006162411059
   0.0000452163941557  -0.0000188716733076   0.0000190456306211   0.0000086552653730
  -0.0000006148763517   0.0000080857006810

$redundant_coords
 1 15
   2.6675045335828247   1.8075559647593178   2.0712317971756806   2.0588993110536733
   2.0712334634239493   1.8677979310531894   1.9587184417107766   1.9587510332570583
   1.8984456097612192   1.8887477264321324   1.8887542071778058   1.8980445351548381
  -1.0721625581642971   1.0721057413057036   3.1415588992663124

$redundant_gradients
 1 15
   0.0000401092351631   0.0000000000000000  -0.0000019306260140   0.0000075475467144
  -0.0000021327764190  -0.0000771051049807   0.0000045260395738   0.0000044411756142
   0.0000144029065034   0.0000274764915005   0.0000270800539191  -0.0000418424166029
  -0.0000135139032329   0.0000121598008993  -0.0000008935075166

$hessian_approx
 18 18
                  0          1          2          3          4          5    
      0       1.037595  -0.002779   0.052864  -0.495362  -0.014453  -0.075218
      1      -0.002779   0.832610  -0.014283   0.037700  -0.154778   0.035485
      2       0.052864  -0.014283   0.836396  -0.113349   0.023630  -0.161005
      3      -0.495362   0.037700  -0.113349 156.030131 308.364603 -190.008490
      4      -0.014453  -0.154778   0.023630 308.364603 612.081676 -377.332149
      5      -0.075218   0.035485  -0.161005 -190.008490 -377.332149 232.791137
      6      -0.005462  -0.055182   0.037966 -155.535812 -308.344407 190.087835
      7       0.000886   0.015395  -0.007395 -308.400475 -611.960187 377.293880
      8      -0.003027  -0.020141   0.019042 190.128828 377.306625 -232.664824
      9      -0.159524  -0.001241  -0.046563   0.011982  -0.007358  -0.058685
     10      -0.000659  -0.141823  -0.032951  -0.001563   0.006272   0.006636
     11      -0.036879  -0.026961  -0.338993  -0.002097   0.000601   0.010401
     12      -0.177424  -0.068477   0.040796  -0.004942  -0.045321   0.033469
     13      -0.062483  -0.275255   0.087123   0.001721   0.008030  -0.010172
     14       0.036413   0.085760  -0.191073  -0.000923  -0.020865   0.008625
     15      -0.199825   0.089980   0.028287  -0.005998   0.046936   0.021089
     16       0.079487  -0.276148  -0.056124  -0.001986   0.018988   0.006320
     17       0.025847  -0.059860  -0.164367  -0.003970   0.022160   0.015666
                  6          7          8          9         10         11    
      0      -0.005462   0.000886  -0.003027  -0.159524  -0.000659  -0.036879
      1      -0.055182   0.015395  -0.020141  -0.001241  -0.141823  -0.026961
      2       0.037966  -0.007395   0.019042  -0.046563  -0.032951  -0.338993
      3     -155.535812 -308.400475 190.128828   0.011982  -0.001563  -0.002097
      4     -308.344407 -611.960187 377.306625  -0.007358   0.006272   0.000601
      5     190.087835 377.293880 -232.664824  -0.058685   0.006636   0.010401
      6     155.541270 308.399601 -190.125785  -0.000015   0.001155  -0.000147
      7     308.399601 611.944754 -377.286536   0.000048  -0.003716   0.000471
      8     -190.125785 -377.286536 232.645712   0.000066  -0.005082   0.000645
      9      -0.000015   0.000048   0.000066   0.124028   0.002184   0.043492
     10       0.001155  -0.003716  -0.005082   0.002184   0.108010   0.031152
     11      -0.000147   0.000471   0.000645   0.043492   0.031152   0.339815
     12       0.000205  -0.000658  -0.000901   0.009664   0.018819  -0.004287
     13      -0.000658   0.002118   0.002896   0.011938   0.023246  -0.005296
     14      -0.000901   0.002897   0.003962   0.026277   0.051169  -0.011657
     15      -0.000186   0.000599   0.000819   0.013865  -0.019937  -0.000082
     16      -0.000509   0.001636   0.002238  -0.005571   0.008011   0.000033
     17       0.001031  -0.003316  -0.004536   0.035414  -0.050925  -0.000210
                 12         13         14         15         16         17    
      0      -0.177424  -0.062483   0.036413  -0.199825   0.079487   0.025847
      1      -0.068477  -0.275255   0.085760   0.089980  -0.276148  -0.059860
      2       0.040796   0.087123  -0.191073   0.028287  -0.056124  -0.164367
      3      -0.004942   0.001721  -0.000923  -0.005998  -0.001986  -0.003970
      4      -0.045321   0.008030  -0.020865   0.046936   0.018988   0.022160
      5       0.033469  -0.010172   0.008625   0.021089   0.006320   0.015666
      6       0.000205  -0.000658  -0.000901  -0.000186  -0.000509   0.001031
      7      -0.000658   0.002118   0.002897   0.000599   0.001636  -0.003316
      8      -0.000901   0.002896   0.003962   0.000819   0.002238  -0.004536
      9       0.009664   0.011938   0.026277   0.013865  -0.005571   0.035414
     10       0.018819   0.023246   0.051169  -0.019937   0.008011  -0.050925
     11      -0.004287  -0.005296  -0.011657  -0.000082   0.000033  -0.000210
     12       0.149315   0.071736  -0.042521   0.023182   0.023902  -0.026556
     13       0.071736   0.264806  -0.100045  -0.022254  -0.022945   0.025493
     14      -0.042521  -0.100045   0.169127  -0.018346  -0.018916   0.021016
     15       0.023182  -0.022254  -0.018346   0.168962  -0.095323  -0.031766
     16       0.023902  -0.022945  -0.018916  -0.095323   0.270458   0.066448
     17      -0.026556   0.025493   0.021016  -0.031766   0.066448   0.132431

$bmatrix
 15 18
                  0          1          2          3          4          5    
      0      -0.980010  -0.037438  -0.195394   0.980010   0.037438   0.195394
      1       0.000000   0.000000   0.000000  -0.394273  -0.782261   0.482304
      2       0.186921   0.125969   0.974265   0.000000   0.000000   0.000000
      3       0.366836   0.788756  -0.493249   0.000000   0.000000   0.000000
      4       0.480408  -0.817852  -0.316744   0.000000   0.000000   0.000000
      5       0.411875  -0.403166   0.388364   0.031376   0.304934  -0.215795
      6       0.548682  -0.050605  -0.454920  -0.074427   0.045279   0.364619
      7       0.371935   0.517841   0.322615   0.044416  -0.336948  -0.158209
      8      -0.449804   0.466355  -0.443194   0.000000   0.000000   0.000000
      9      -0.567076   0.021151   0.541845   0.000000   0.000000   0.000000
     10      -0.370376  -0.611425  -0.323423   0.000000   0.000000   0.000000
     11      -0.031378  -0.304927   0.215805  -0.467138   0.429960  -0.420537
     12      -0.130810  -0.220823   0.698396   0.152898  -0.346119  -0.700552
     13      -0.031613   0.743201   0.016157   0.130376  -0.564986  -0.545655
     14       0.089416  -0.287575  -0.393371   0.107705  -0.346427  -0.473824
                  6          7          8          9         10         11    
      0       0.000000   0.000000   0.000000   0.000000   0.000000   0.000000
      1       0.394273   0.782261  -0.482304   0.000000   0.000000   0.000000
      2       0.000000   0.000000   0.000000  -0.186921  -0.125969  -0.974265
      3       0.000000   0.000000   0.000000   0.000000   0.000000   0.000000
      4       0.000000   0.000000   0.000000   0.000000   0.000000   0.000000
      5       0.000000   0.000000   0.000000   0.000000   0.000000   0.000000
      6       0.000000   0.000000   0.000000  -0.474255   0.005326   0.090301
      7       0.000000   0.000000   0.000000   0.000000   0.000000   0.000000
      8       0.000000   0.000000   0.000000   0.275650  -0.396377  -0.001636
      9       0.000000   0.000000   0.000000   0.000000   0.000000   0.000000
     10       0.000000   0.000000   0.000000   0.216158   0.420927  -0.095896
     11       0.498516  -0.125033   0.204732   0.000000   0.000000   0.000000
     12      -0.105446   0.339155   0.463885   0.000000   0.000000   0.000000
     13      -0.105446   0.339155   0.463885   0.006683  -0.517371   0.065612
     14      -0.105446   0.339155   0.463885   0.000000   0.000000   0.000000
                 12         13         14         15         16         17    
      0       0.000000   0.000000   0.000000   0.000000   0.000000   0.000000
      1       0.000000   0.000000   0.000000   0.000000   0.000000   0.000000
      2       0.000000   0.000000   0.000000   0.000000   0.000000   0.000000
      3      -0.366836  -0.788756   0.493249   0.000000   0.000000   0.000000
      4       0.000000   0.000000   0.000000  -0.480408   0.817852   0.316744
      5      -0.443251   0.098232  -0.172569   0.000000   0.000000   0.000000
      6       0.000000   0.000000   0.000000   0.000000   0.000000   0.000000
      7       0.000000   0.000000   0.000000  -0.416351  -0.180893  -0.164406
      8       0.000000   0.000000   0.000000   0.174154  -0.069978   0.444829
      9       0.304284  -0.292105  -0.240806   0.262792   0.270953  -0.301039
     10       0.154218   0.190498   0.419319   0.000000   0.000000   0.000000
     11       0.000000   0.000000   0.000000   0.000000   0.000000   0.000000
     12       0.000000   0.000000   0.000000   0.083358   0.227787  -0.461729
     13       0.000000   0.000000   0.000000   0.000000   0.000000   0.000000
     14      -0.091675   0.294846   0.403310   0.000000   0.000000   0.000000

