
$orca_opt_file

$trust
    0.300000000000

$epredict
    0.000000000000

$ediffsc
  1000.000000000000

$ctyp
  3

$coordinates
 1 18
   5.69009200  -2.23079902   1.13128455   8.30427488  -2.13093267   1.65250125
   9.01768996  -0.71547488   0.77979738   5.30293814  -2.49170973  -0.88664249
   4.93481571  -3.85476919   2.14683660   4.69596377  -0.53838298   1.78673795


$constraints
 1
   2.06934342


# redundant internal coordinates
#  nbonds nangles ndihedrals nimpropers ncartesians
# bond  definitions A B
# angle definitions A B C
# dihedral definitions A B C D
# improper torsion definitions A B C D
# cartesian definitions A x/y/z
$redundant_internals
 5 7 3 0 0
   1   0   0
   2   1   0
   3   0   0
   4   0   0
   5   0  -1
   1   0   4   0   0
   1   0   3   0   0
   1   0   5   0   0
   3   0   5   0   0
   4   0   5   0   0
   3   0   4   0   0
   0   1   2   0   0
   2   1   0   5   0
   2   1   0   3   0
   2   1   0   4   0
$energies
 1
 -115.7380507073763170

$gradients
 1 18
  -0.0003467554848948   0.0005117465274888   0.0001445484468023   0.0000017998741725
  -0.0000293380172775   0.0000277883390220   0.0000004271974670   0.0000100178594567
  -0.0000106087815850   0.0000045422360907   0.0000225223351088   0.0000071663882592
   0.0000348970410539  -0.0000002691299071   0.0000231025696139   0.0003050891355570
  -0.0005146795748599  -0.0001919969624788

$redundant_coords
 1 15
   2.6675067547751143   1.8094457365995484   2.0712296028533315   2.0588995499416578
   2.0693434159672472   1.8677964188214369   1.9587182645247525   1.9587501714457496
   1.8984469680913583   1.8887476410630553   1.8887555182675582   1.8980437221908042
  -1.0721642581765116   1.0721050482869170   3.1415587514302192

$redundant_gradients
 1 15
   0.0000051507245723   0.0000125520272462  -0.0000104251329754  -0.0000013411994751
   0.0000000000000000  -0.0000559502853203   0.0000069042294943   0.0000002826665362
   0.0000013128451117   0.0000119659618301   0.0000367242215821  -0.0000093720550867
  -0.0000107896332748  -0.0000036696357942   0.0000097880687535

$hessian_approx
 18 18
                  0          1          2          3          4          5    
      0     231.748070 -392.766452 -152.060001  -0.495360  -0.014518  -0.075255
      1     -392.766452 669.478602 258.944571   0.037616  -0.154786   0.035412
      2     -152.060001 258.944571 101.128549  -0.113280   0.023558  -0.160989
      3      -0.495360   0.037616  -0.113280   0.660267   0.102304   0.050953
      4      -0.014518  -0.154786   0.023558   0.102304   0.470865  -0.242714
      5      -0.075255   0.035412  -0.160989   0.050953  -0.242714   0.296092
      6      -0.005452  -0.055090   0.037901  -0.165941  -0.082115   0.028397
      7       0.000884   0.015369  -0.007379  -0.138090  -0.349399   0.204506
      8      -0.003023  -0.020107   0.019016   0.069321   0.217229  -0.169814
      9      -0.159557  -0.001214  -0.046616   0.011982  -0.007358  -0.058685
     10      -0.000611  -0.141862  -0.032875  -0.001562   0.006268   0.006631
     11      -0.036879  -0.026961  -0.338994  -0.002097   0.000601   0.010402
     12      -0.177473  -0.068498   0.040847  -0.004941  -0.045322   0.033468
     13      -0.062434  -0.275235   0.087073   0.001721   0.008032  -0.010169
     14       0.036452   0.085776  -0.191114  -0.000924  -0.020862   0.008629
     15     -230.910228 392.853638 152.141148  -0.006007   0.047009   0.021122
     16     392.843131 -668.922088 -259.014949  -0.001990   0.019020   0.006335
     17     152.138705 -259.018690 -100.456467  -0.003974   0.022188   0.015680
                  6          7          8          9         10         11    
      0      -0.005452   0.000884  -0.003023  -0.159557  -0.000611  -0.036879
      1      -0.055090   0.015369  -0.020107  -0.001214  -0.141862  -0.026961
      2       0.037901  -0.007379   0.019016  -0.046616  -0.032875  -0.338994
      3      -0.165941  -0.138090   0.069321   0.011982  -0.001562  -0.002097
      4      -0.082115  -0.349399   0.217229  -0.007358   0.006268   0.000601
      5       0.028397   0.204506  -0.169814  -0.058685   0.006631   0.010402
      6       0.171390   0.137218  -0.066283  -0.000015   0.001154  -0.000146
      7       0.137218   0.333991  -0.197176   0.000048  -0.003712   0.000471
      8      -0.066283  -0.197176   0.150732   0.000066  -0.005077   0.000644
      9      -0.000015   0.000048   0.000066   0.124040   0.002166   0.043492
     10       0.001154  -0.003712  -0.005077   0.002166   0.108036   0.031152
     11      -0.000146   0.000471   0.000644   0.043492   0.031152   0.339816
     12       0.000204  -0.000658  -0.000900   0.009664   0.018819  -0.004287
     13      -0.000658   0.002115   0.002893   0.011938   0.023246  -0.005296
     14      -0.000900   0.002894   0.003958   0.026277   0.051169  -0.011657
     15      -0.000186   0.000599   0.000819   0.013886  -0.019967  -0.000082
     16      -0.000509   0.001636   0.002237  -0.005580   0.008023   0.000033
     17       0.001031  -0.003316  -0.004535   0.035467  -0.051001  -0.000210
                 12         13         14         15         16         17    
      0      -0.177473  -0.062434   0.036452 -230.910228 392.843131 152.138705
      1      -0.068498  -0.275235   0.085776 392.853638 -668.922088 -259.018690
      2       0.040847   0.087073  -0.191114 152.141148 -259.014949 -100.456467
      3      -0.004941   0.001721  -0.000924  -0.006007  -0.001990  -0.003974
      4      -0.045322   0.008032  -0.020862   0.047009   0.019020   0.022188
      5       0.033468  -0.010169   0.008629   0.021122   0.006335   0.015680
      6       0.000204  -0.000658  -0.000900  -0.000186  -0.000509   0.001031
      7      -0.000658   0.002115   0.002894   0.000599   0.001636  -0.003316
      8      -0.000900   0.002893   0.003958   0.000819   0.002237  -0.004535
      9       0.009664   0.011938   0.026277   0.013886  -0.005580   0.035467
     10       0.018819   0.023246   0.051169  -0.019967   0.008023  -0.051001
     11      -0.004287  -0.005296  -0.011657  -0.000082   0.000033  -0.000210
     12       0.149330   0.071721  -0.042533   0.023216   0.023937  -0.026595
     13       0.071721   0.264820  -0.100033  -0.022287  -0.022979   0.025531
     14      -0.042533  -0.100033   0.169137  -0.018373  -0.018944   0.021047
     15       0.023216  -0.022287  -0.018373 230.879319 -392.858991 -152.144634
     16       0.023937  -0.022979  -0.018944 -392.858991 668.916388 259.025288
     17      -0.026595   0.025531   0.021047 -152.144634 259.025288 100.424485

$bmatrix
 15 18
                  0          1          2          3          4          5    
      0      -0.980010  -0.037438  -0.195395   0.980010   0.037438   0.195395
      1       0.000000   0.000000   0.000000  -0.394273  -0.782260   0.482305
      2       0.186920   0.125969   0.974265   0.000000   0.000000   0.000000
      3       0.366835   0.788756  -0.493250   0.000000   0.000000   0.000000
      4       0.480408  -0.817852  -0.316745   0.000000   0.000000   0.000000
      5       0.411875  -0.403165   0.388364   0.031376   0.304934  -0.215795
      6       0.548683  -0.050605  -0.454919  -0.074428   0.045279   0.364619
      7       0.372316   0.518005   0.322766   0.044416  -0.336947  -0.158209
      8      -0.449964   0.466420  -0.443600   0.000000   0.000000   0.000000
      9      -0.567315   0.020904   0.542121   0.000000   0.000000   0.000000
     10      -0.370376  -0.611426  -0.323423   0.000000   0.000000   0.000000
     11      -0.031379  -0.304926   0.215805  -0.466617   0.429828  -0.420323
     12      -0.130886  -0.221031   0.698816   0.152788  -0.345765  -0.700066
     13      -0.031613   0.743202   0.016157   0.130266  -0.564631  -0.545169
     14       0.089416  -0.287575  -0.393370   0.107595  -0.346073  -0.473340
                  6          7          8          9         10         11    
      0       0.000000   0.000000   0.000000   0.000000   0.000000   0.000000
      1       0.394273   0.782260  -0.482305   0.000000   0.000000   0.000000
      2       0.000000   0.000000   0.000000  -0.186920  -0.125969  -0.974265
      3       0.000000   0.000000   0.000000   0.000000   0.000000   0.000000
      4       0.000000   0.000000   0.000000   0.000000   0.000000   0.000000
      5       0.000000   0.000000   0.000000   0.000000   0.000000   0.000000
      6       0.000000   0.000000   0.000000  -0.474255   0.005326   0.090301
      7       0.000000   0.000000   0.000000   0.000000   0.000000   0.000000
      8       0.000000   0.000000   0.000000   0.275650  -0.396377  -0.001635
      9       0.000000   0.000000   0.000000   0.000000   0.000000   0.000000
     10       0.000000   0.000000   0.000000   0.216158   0.420928  -0.095896
     11       0.497996  -0.124902   0.204518   0.000000   0.000000   0.000000
     12      -0.105336   0.338802   0.463400   0.000000   0.000000   0.000000
     13      -0.105336   0.338802   0.463400   0.006683  -0.517372   0.065612
     14      -0.105336   0.338802   0.463400   0.000000   0.000000   0.000000
                 12         13         14         15         16         17    
      0       0.000000   0.000000   0.000000   0.000000   0.000000   0.000000
      1       0.000000   0.000000   0.000000   0.000000   0.000000   0.000000
      2       0.000000   0.000000   0.000000   0.000000   0.000000   0.000000
      3      -0.366835  -0.788756   0.493250   0.000000   0.000000   0.000000
      4       0.000000   0.000000   0.000000  -0.480408   0.817852   0.316745
      5      -0.443251   0.098231  -0.172569   0.000000   0.000000   0.000000
      6       0.000000   0.000000   0.000000   0.000000   0.000000   0.000000
      7       0.000000   0.000000   0.000000  -0.416731  -0.181058  -0.164556
      8       0.000000   0.000000   0.000000   0.174313  -0.070043   0.445236
      9       0.304283  -0.292105  -0.240806   0.263031   0.271201  -0.301315
     10       0.154218   0.190498   0.419319   0.000000   0.000000   0.000000
     11       0.000000   0.000000   0.000000   0.000000   0.000000   0.000000
     12       0.000000   0.000000   0.000000   0.083434   0.227995  -0.462151
     13       0.000000   0.000000   0.000000   0.000000   0.000000   0.000000
     14      -0.091676   0.294847   0.403309   0.000000   0.000000   0.000000

