
$orca_opt_file

$trust
    0.300000000000

$epredict
    0.000000000000

$ediffsc
  1000.000000000000

$ctyp
  3

$coordinates
 1 18
   5.69063813  -2.23172688   1.13092550   8.30481912  -2.13186052   1.65214221
   9.01823420  -0.71640274   0.77943833   5.30348238  -2.49263759  -0.88700154
   4.93535995  -3.85569705   2.14647755   4.69541953  -0.53745512   1.78709700


$constraints
 1
   2.07161239


# redundant internal coordinates
#  nbonds nangles ndihedrals nimpropers ncartesians
# bond  definitions A B
# angle definitions A B C
# dihedral definitions A B C D
# improper torsion definitions A B C D
# cartesian definitions A x/y/z
$redundant_internals
 5 7 3 0 0
   1   0   0
   2   1   0
   3   0   0
   4   0   0
   5   0  -1
   1   0   4   0   0
   1   0   3   0   0
   1   0   5   0   0
   3   0   5   0   0
   4   0   5   0   0
   3   0   4   0   0
   0   1   2   0   0
   2   1   0   5   0
   2   1   0   3   0
   2   1   0   4   0
$energies
 1
 -115.7380513400807587

$gradients
 1 18
  -0.0000456000971804  -0.0000634833459299  -0.0000838058150074   0.0000392670753393
  -0.0000339468464213   0.0000306500229617   0.0000004040375263   0.0000105481561077
  -0.0000088897630552   0.0000105814658580   0.0000012156904047  -0.0000005470987829
   0.0000415890258313  -0.0000181423141647   0.0000137602604755  -0.0000462415068195
   0.0001038086597103   0.0000488323931308

$redundant_coords
 1 15
   2.6675049028249225   1.8094457365995491   2.0712299560814302   2.0589002431599810
   2.0716123884014990   1.8677971971518788   1.9587193013849933   1.9587503209579200
   1.8984461240348938   1.8887471614496283   1.8887548183584850   1.8980436628938087
  -1.0721640979721807   1.0721049885470633   3.1415589204022347

$redundant_gradients
 1 15
   0.0000425870491072   0.0000121317916294  -0.0000013547894821   0.0000056949422770
   0.0000000000000000  -0.0000661363102634  -0.0000039493968713  -0.0000029970314832
   0.0000198995370979   0.0000299393334859   0.0000245638109304  -0.0000084820473205
  -0.0000098898277136   0.0000110720560224  -0.0000029637424590

$hessian_approx
 18 18
                  0          1          2          3          4          5    
      0     231.747831 -392.766714 -152.059982  -0.495372  -0.014436  -0.075218
      1     -392.766714 669.478424 258.944413   0.037609  -0.154722   0.035439
      2     -152.059982 258.944413 101.127961  -0.113288   0.023610  -0.160960
      3      -0.495372   0.037609  -0.113288   0.660269   0.102308   0.050955
      4      -0.014436  -0.154722   0.023610   0.102308   0.470837  -0.242728
      5      -0.075218   0.035439  -0.160960   0.050955  -0.242728   0.296086
      6      -0.005452  -0.055091   0.037902  -0.165941  -0.082115   0.028397
      7       0.000885   0.015371  -0.007382  -0.138090  -0.349399   0.204505
      8      -0.003022  -0.020105   0.019011   0.069321   0.217229  -0.169814
      9      -0.159517  -0.001246  -0.046553   0.011982  -0.007358  -0.058685
     10      -0.000668  -0.141816  -0.032966  -0.001562   0.006268   0.006631
     11      -0.036879  -0.026961  -0.338994  -0.002097   0.000601   0.010402
     12      -0.177413  -0.068473   0.040785  -0.004941  -0.045322   0.033468
     13      -0.062492  -0.275258   0.087133   0.001721   0.008032  -0.010169
     14       0.036405   0.085756  -0.191065  -0.000924  -0.020862   0.008629
     15     -230.910076 392.853915 152.141136  -0.005996   0.046923   0.021083
     16     392.843425 -668.921999 -259.014808  -0.001985   0.018984   0.006320
     17     152.138696 -259.018543 -100.455954  -0.003968   0.022150   0.015657
                  6          7          8          9         10         11    
      0      -0.005452   0.000885  -0.003022  -0.159517  -0.000668  -0.036879
      1      -0.055091   0.015371  -0.020105  -0.001246  -0.141816  -0.026961
      2       0.037902  -0.007382   0.019011  -0.046553  -0.032966  -0.338994
      3      -0.165941  -0.138090   0.069321   0.011982  -0.001562  -0.002097
      4      -0.082115  -0.349399   0.217229  -0.007358   0.006268   0.000601
      5       0.028397   0.204505  -0.169814  -0.058685   0.006631   0.010402
      6       0.171390   0.137218  -0.066283  -0.000015   0.001154  -0.000146
      7       0.137218   0.333991  -0.197176   0.000048  -0.003712   0.000471
      8      -0.066283  -0.197176   0.150732   0.000066  -0.005077   0.000644
      9      -0.000015   0.000048   0.000066   0.124025   0.002188   0.043492
     10       0.001154  -0.003712  -0.005077   0.002188   0.108005   0.031152
     11      -0.000146   0.000471   0.000644   0.043492   0.031152   0.339816
     12       0.000204  -0.000658  -0.000900   0.009664   0.018819  -0.004287
     13      -0.000658   0.002115   0.002893   0.011938   0.023246  -0.005296
     14      -0.000900   0.002894   0.003958   0.026277   0.051169  -0.011657
     15      -0.000186   0.000598   0.000818   0.013861  -0.019931  -0.000082
     16      -0.000508   0.001634   0.002235  -0.005570   0.008009   0.000033
     17       0.001030  -0.003312  -0.004530   0.035404  -0.050909  -0.000210
                 12         13         14         15         16         17    
      0      -0.177413  -0.062492   0.036405 -230.910076 392.843425 152.138696
      1      -0.068473  -0.275258   0.085756 392.853915 -668.921999 -259.018543
      2       0.040785   0.087133  -0.191065 152.141136 -259.014808 -100.455954
      3      -0.004941   0.001721  -0.000924  -0.005996  -0.001985  -0.003968
      4      -0.045322   0.008032  -0.020862   0.046923   0.018984   0.022150
      5       0.033468  -0.010169   0.008629   0.021083   0.006320   0.015657
      6       0.000204  -0.000658  -0.000900  -0.000186  -0.000508   0.001030
      7      -0.000658   0.002115   0.002894   0.000598   0.001634  -0.003312
      8      -0.000900   0.002893   0.003958   0.000818   0.002235  -0.004530
      9       0.009664   0.011938   0.026277   0.013861  -0.005570   0.035404
     10       0.018819   0.023246   0.051169  -0.019931   0.008009  -0.050909
     11      -0.004287  -0.005296  -0.011657  -0.000082   0.000033  -0.000210
     12       0.149311   0.071739  -0.042518   0.023175   0.023895  -0.026548
     13       0.071739   0.264803  -0.100047  -0.022247  -0.022938   0.025485
     14      -0.042518  -0.100047   0.169125  -0.018340  -0.018910   0.021010
     15       0.023175  -0.022247  -0.018340 230.879222 -392.859257 -152.144614
     16       0.023895  -0.022938  -0.018910 -392.859257 668.916310 259.025129
     17      -0.026548   0.025485   0.021010 -152.144614 259.025129 100.424027

$bmatrix
 15 18
                  0          1          2          3          4          5    
      0      -0.980010  -0.037438  -0.195395   0.980010   0.037438   0.195395
      1       0.000000   0.000000   0.000000  -0.394273  -0.782260   0.482305
      2       0.186921   0.125969   0.974265   0.000000   0.000000   0.000000
      3       0.366836   0.788756  -0.493250   0.000000   0.000000   0.000000
      4       0.480408  -0.817852  -0.316744   0.000000   0.000000   0.000000
      5       0.411875  -0.403165   0.388364   0.031376   0.304934  -0.215795
      6       0.548683  -0.050605  -0.454920  -0.074428   0.045279   0.364619
      7       0.371859   0.517807   0.322585   0.044416  -0.336948  -0.158209
      8      -0.449773   0.466343  -0.443112   0.000000   0.000000   0.000000
      9      -0.567027   0.021201   0.541790   0.000000   0.000000   0.000000
     10      -0.370376  -0.611425  -0.323423   0.000000   0.000000   0.000000
     11      -0.031379  -0.304926   0.215805  -0.466617   0.429829  -0.420324
     12      -0.130795  -0.220782   0.698310   0.152788  -0.345765  -0.700066
     13      -0.031613   0.743202   0.016157   0.130266  -0.564632  -0.545169
     14       0.089416  -0.287575  -0.393370   0.107595  -0.346073  -0.473339
                  6          7          8          9         10         11    
      0       0.000000   0.000000   0.000000   0.000000   0.000000   0.000000
      1       0.394273   0.782260  -0.482305   0.000000   0.000000   0.000000
      2       0.000000   0.000000   0.000000  -0.186921  -0.125969  -0.974265
      3       0.000000   0.000000   0.000000   0.000000   0.000000   0.000000
      4       0.000000   0.000000   0.000000   0.000000   0.000000   0.000000
      5       0.000000   0.000000   0.000000   0.000000   0.000000   0.000000
      6       0.000000   0.000000   0.000000  -0.474255   0.005326   0.090301
      7       0.000000   0.000000   0.000000   0.000000   0.000000   0.000000
      8       0.000000   0.000000   0.000000   0.275650  -0.396377  -0.001636
      9       0.000000   0.000000   0.000000   0.000000   0.000000   0.000000
     10       0.000000   0.000000   0.000000   0.216158   0.420928  -0.095896
     11       0.497996  -0.124902   0.204518   0.000000   0.000000   0.000000
     12      -0.105336   0.338802   0.463400   0.000000   0.000000   0.000000
     13      -0.105336   0.338802   0.463400   0.006683  -0.517372   0.065612
     14      -0.105336   0.338802   0.463400   0.000000   0.000000   0.000000
                 12         13         14         15         16         17    
      0       0.000000   0.000000   0.000000   0.000000   0.000000   0.000000
      1       0.000000   0.000000   0.000000   0.000000   0.000000   0.000000
      2       0.000000   0.000000   0.000000   0.000000   0.000000   0.000000
      3      -0.366836  -0.788756   0.493250   0.000000   0.000000   0.000000
      4       0.000000   0.000000   0.000000  -0.480408   0.817852   0.316744
      5      -0.443251   0.098232  -0.172569   0.000000   0.000000   0.000000
      6       0.000000   0.000000   0.000000   0.000000   0.000000   0.000000
      7       0.000000   0.000000   0.000000  -0.416275  -0.180860  -0.164376
      8       0.000000   0.000000   0.000000   0.174123  -0.069966   0.444748
      9       0.304283  -0.292105  -0.240806   0.262744   0.270904  -0.300984
     10       0.154218   0.190498   0.419319   0.000000   0.000000   0.000000
     11       0.000000   0.000000   0.000000   0.000000   0.000000   0.000000
     12       0.000000   0.000000   0.000000   0.083343   0.227745  -0.461645
     13       0.000000   0.000000   0.000000   0.000000   0.000000   0.000000
     14      -0.091676   0.294847   0.403309   0.000000   0.000000   0.000000

